Station_ID,Index,Original_Temperature,Filled_Temperature
USW00023224,5876,nan,10.0
USW00023224,7785,nan,30.0
USW00023224,10585,nan,26.0
USW00023224,10890,nan,25.5
USW00023225,16192,nan,8.3
USW00023225,16221,nan,-0.25000000000000006
USW00023225,18073,nan,-2.2
USW00023225,18112,nan,1.95
USW00023225,20785,nan,23.35
USW00023225,25323,nan,8.05
USW00023232,37296,nan,8.3
USW00023232,40369,nan,25.3
USW00023232,41166,nan,20.8
USW00023233,49301,nan,13.05
USW00023233,50745,nan,15.3
USW00023233,51920,nan,12.6
USW00023233,51927,nan,11.1
USW00023233,52050,nan,14.7
USW00023234,55871,nan,11.7
USW00023234,55874,nan,11.399999999999999
USW00023234,55904,nan,11.7
USW00023234,55916,nan,11.399999999999999
USW00023234,62532,nan,19.15
USW00023234,64747,nan,8.05
USW00023237,70493,nan,26.1
USW00023243,76350,nan,7.25
USW00023243,76358,nan,3.05
USW00023243,76367,nan,16.95
USW00023243,76372,nan,12.5
USW00023243,76453,nan,10.35
USW00023243,76463,nan,7.9
USW00023243,76522,nan,2.75
USW00023243,76525,nan,13.899999999999999
USW00023243,76555,nan,14.450000000000001
USW00023243,76563,nan,9.2
USW00023243,76592,nan,8.6
USW00023243,76611,nan,5.25
USW00023243,76671,nan,5.550000000000001
USW00023243,76693,nan,0.55
USW00023243,76761,nan,11.8
USW00023243,76768,nan,8.65
USW00023243,76772,nan,4.15
USW00023243,76780,nan,1.0
USW00023243,76789,nan,5.800000000000001
USW00023254,95871,nan,20.0
USW00023257,105469,nan,26.1
USW00023257,105793,nan,23.35
USW00023257,107203,nan,3.5999999999999996
USW00023258,115529,nan,-4.1
USW00023258,115589,nan,12.0
USW00023258,115617,nan,-3.0999999999999996
USW00023258,115649,nan,-17.2
USW00023258,115654,nan,-0.5499999999999989
USW00023259,117675,nan,8.600000000000001
USW00023259,117908,nan,12.2
USW00023259,121286,nan,16.1
USW00023259,121815,nan,13.05
USW00023259,121983,nan,14.4
USW00023259,122725,nan,18.05
USW00023259,124273,nan,15.55
USW00023259,124276,nan,17.5
USW00023259,124303,nan,16.1
USW00023259,124329,nan,16.65
USW00023259,124331,nan,16.65
USW00023259,124376,nan,21.65
USW00023259,124378,nan,22.5
USW00023259,124400,nan,17.6
USW00023259,124450,nan,18.9
USW00023259,124522,nan,15.0
USW00023259,124620,nan,19.55
USW00023259,124645,nan,22.8
USW00023259,124748,nan,28.6
USW00023259,124750,nan,25.0
USW00023259,124771,nan,24.45
USW00023259,124796,nan,19.45
USW00023259,124799,nan,20.0
USW00023259,124819,nan,13.350000000000001
USW00023259,124822,nan,16.1
USW00023259,126026,nan,11.1
USW00023273,129360,nan,21.1
USW00023275,143617,nan,25.3
USW00023275,147173,nan,23.9
USW00023277,152723,nan,17.25
USW00023277,154977,nan,27.5
USW00023277,155039,nan,31.400000000000002
USW00023277,155041,nan,35.0
USW00023277,155102,nan,-0.55
USW00023285,166148,nan,17.200000000000003
USW00023285,167886,nan,15.8
USW00023289,171012,nan,22.5
USW00023289,171121,nan,19.0
USW00023289,172568,nan,8.0
USW00024213,181850,nan,10.0
USW00024213,181910,nan,9.45
USW00024213,181949,nan,8.35
USW00024213,182001,nan,9.15
USW00024213,182003,nan,7.5
USW00024213,182027,nan,6.65
USW00024213,182069,nan,10.55
USW00024213,182075,nan,12.5
USW00024213,182077,nan,12.75
USW00024213,182119,nan,11.7
USW00024213,182132,nan,11.7
USW00024213,182192,nan,6.95
USW00024213,182200,nan,2.8
USW00024213,182221,nan,9.15
USW00024213,182257,nan,9.15
USW00024213,182324,nan,8.9
USW00024213,182350,nan,7.5
USW00024213,182352,nan,8.850000000000001
USW00024213,182396,nan,9.45
USW00024213,182444,nan,8.600000000000001
USW00024213,182446,nan,8.35
USW00024213,182582,nan,11.649999999999999
USW00024213,182595,nan,4.199999999999999
USW00024213,182639,nan,9.45
USW00024213,182738,nan,12.25
USW00024213,182746,nan,10.6
USW00024213,182760,nan,13.850000000000001
USW00024213,182782,nan,9.45
USW00024213,182856,nan,11.399999999999999
USW00024213,182863,nan,14.15
USW00024213,182871,nan,13.35
USW00024213,182886,nan,13.05
USW00024213,182912,nan,9.4
USW00024213,183017,nan,11.7
USW00024213,183022,nan,12.75
USW00024213,183063,nan,10.85
USW00024213,183065,nan,12.5
USW00024213,183121,nan,14.7
USW00024213,183130,nan,14.45
USW00024213,183246,nan,15.0
USW00024213,183250,nan,15.3
USW00024213,183252,nan,15.0
USW00024213,183284,nan,12.5
USW00024213,183289,nan,13.35
USW00024213,183304,nan,14.75
USW00024213,183318,nan,14.15
USW00024213,183396,nan,12.8
USW00024213,183442,nan,11.95
USW00024213,183446,nan,11.95
USW00024213,183500,nan,18.049999999999997
USW00024213,183505,nan,16.4
USW00024213,183516,nan,14.7
USW00024213,183518,nan,16.35
USW00024213,183525,nan,13.850000000000001
USW00024213,183533,nan,15.3
USW00024213,183611,nan,10.0
USW00024213,183620,nan,11.1
USW00024213,183632,nan,15.0
USW00024213,183706,nan,11.7
USW00024213,183754,nan,10.25
USW00024213,183767,nan,8.9
USW00024213,183769,nan,9.75
USW00024213,183771,nan,8.65
USW00024213,183776,nan,9.2
USW00024213,183779,nan,10.0
USW00024213,183831,nan,13.6
USW00024213,183837,nan,13.3
USW00024213,183854,nan,13.05
USW00024213,183863,nan,13.05
USW00024213,183866,nan,8.9
USW00024213,183880,nan,4.7
USW00024213,183911,nan,9.45
USW00024213,183975,nan,11.95
USW00024213,183983,nan,5.3
USW00024213,184004,nan,13.05
USW00024213,184034,nan,6.3500000000000005
USW00024213,184043,nan,9.45
USW00024213,184045,nan,10.55
USW00024213,184064,nan,9.4
USW00024213,184081,nan,12.25
USW00024213,184096,nan,12.8
USW00024213,184160,nan,6.65
USW00024213,184181,nan,8.3
USW00024215,187145,nan,11.9
USW00024215,189583,nan,33.6
USW00024216,202833,nan,0.3
USW00024216,204040,nan,10.0
USW00024257,210883,nan,38.1
USW00024283,228997,nan,13.850000000000001
USW00024283,229000,nan,14.4
USW00024283,229699,nan,15.850000000000001
USW00024283,230733,nan,12.85
USW00024283,232528,nan,16.4
USW00024283,232532,nan,15.850000000000001
USW00024286,241110,nan,19.4
USW00024286,243131,nan,14.5
USW00024286,244751,nan,23.1
USW00024286,246285,nan,12.9
USW00053119,249365,nan,11.95
USW00053119,252630,nan,33.3
USW00053119,253923,nan,30.549999999999997
USW00053119,255838,nan,11.100000000000001
USW00053120,266054,nan,35.849999999999994
USW00053121,270973,nan,10.0
USW00053121,275005,nan,18.9
USW00053121,276694,nan,17.75
USW00053121,277166,nan,17.2
USW00053130,279437,nan,9.0
USW00053139,283552,nan,11.3
USW00053139,283754,nan,10.15
USW00053139,283971,nan,12.75
USW00053139,284187,nan,10.2
USW00053139,284403,nan,10.2
USW00053139,284614,nan,10.45
USW00053139,284833,nan,10.8
USW00053139,285056,nan,6.25
USW00053139,285288,nan,8.45
USW00053139,285493,nan,14.8
USW00053139,285680,nan,9.25
USW00053139,285892,nan,9.600000000000001
USW00053139,286103,nan,7.949999999999999
USW00053139,286316,nan,6.7
USW00053139,286530,nan,9.649999999999999
USW00053139,286733,nan,8.25
USW00053139,286929,nan,16.05
USW00053139,287132,nan,9.899999999999999
USW00053139,287351,nan,10.399999999999999
USW00053139,287567,nan,12.25
USW00053139,287768,nan,12.4
USW00053139,287949,nan,11.35
USW00053139,288153,nan,12.05
USW00053139,288368,nan,12.25
USW00053139,288590,nan,11.65
USW00053139,288799,nan,11.3
USW00053139,289020,nan,10.649999999999999
USW00053139,289240,nan,14.2
USW00053139,289461,nan,13.5
USW00053139,289674,nan,16.35
USW00053139,289896,nan,18.200000000000003
USW00053139,290120,nan,14.45
USW00053139,290332,nan,14.899999999999999
USW00053139,290556,nan,12.649999999999999
USW00053139,290721,nan,8.55
USW00053139,290900,nan,9.8
USW00053139,291108,nan,10.149999999999999
USW00053139,291323,nan,12.1
USW00053139,291552,nan,12.8
USW00053139,291776,nan,17.15
USW00053139,291923,nan,15.8
USW00053139,292094,nan,17.6
USW00053139,292299,nan,10.65
USW00053139,292517,nan,11.55
USW00053139,292736,nan,14.6
USW00053139,292956,nan,12.0
USW00053139,293176,nan,13.55
USW00053139,293386,nan,16.5
USW00053139,293607,nan,19.4
USW00053139,293796,nan,12.55
USW00053139,294004,nan,11.75
USW00053139,294225,nan,15.2
USW00053139,294439,nan,18.8
USW00053139,294629,nan,14.95
USW00053139,294809,nan,16.15
USW00053139,295026,nan,21.299999999999997
USW00053139,295239,nan,21.55
USW00053139,295441,nan,15.350000000000001
USW00053139,295650,nan,18.200000000000003
USW00053139,295869,nan,19.799999999999997
USW00053139,296091,nan,16.4
USW00053139,296285,nan,15.2
USW00053139,296450,nan,18.25
USW00053139,296661,nan,19.9
USW00053139,296871,nan,19.7
USW00053139,297079,nan,21.1
USW00053139,297294,nan,26.5
USW00053139,297489,nan,17.45
USW00053139,297678,nan,16.25
USW00053139,297848,nan,17.6
USW00053139,298021,nan,15.850000000000001
USW00053139,298180,nan,16.45
USW00053139,298360,nan,16.5
USW00053139,298500,nan,17.0
USW00053139,298684,nan,18.85
USW00053139,298887,nan,16.4
USW00053139,299079,nan,17.1
USW00053139,299269,nan,13.95
USW00053139,299453,nan,12.850000000000001
USW00053139,299650,nan,10.95
USW00053139,299837,nan,15.75
USW00053139,300011,nan,17.35
USW00053139,300194,nan,19.55
USW00053139,300379,nan,15.65
USW00053139,300573,nan,18.75
USW00053139,300772,nan,16.05
USW00053139,300933,nan,12.850000000000001
USW00053139,301130,nan,14.45
USW00053139,301323,nan,15.9
USW00053139,301490,nan,15.3
USW00053139,301685,nan,19.4
USW00053139,301903,nan,20.5
USW00053139,302111,nan,24.0
USW00053139,302307,nan,18.85
USW00053139,302512,nan,18.5
USW00053139,302726,nan,21.65
USW00053139,302920,nan,20.25
USW00053139,303074,nan,17.1
USW00053139,303270,nan,16.1
USW00053139,303464,nan,12.350000000000001
USW00053139,303629,nan,16.5
USW00053139,303790,nan,15.45
USW00053139,303987,nan,20.75
USW00053139,304191,nan,19.15
USW00053139,304388,nan,21.1
USW00053139,304585,nan,18.85
USW00053139,304797,nan,22.9
USW00053139,304988,nan,24.700000000000003
USW00053139,305176,nan,19.6
USW00053139,305371,nan,20.700000000000003
USW00053139,305567,nan,24.3
USW00053139,305757,nan,23.8
USW00053139,305958,nan,25.2
USW00053139,306170,nan,27.799999999999997
USW00053139,306363,nan,31.05
USW00053139,306569,nan,29.299999999999997
USW00053139,306771,nan,31.35
USW00053139,306985,nan,28.55
USW00053139,307185,nan,31.85
USW00053139,307404,nan,33.2
USW00053139,307601,nan,35.150000000000006
USW00053139,307814,nan,30.8
USW00053139,308015,nan,29.25
USW00053139,308225,nan,27.450000000000003
USW00053139,308419,nan,29.0
USW00053139,308617,nan,28.15
USW00053139,308845,nan,27.55
USW00053139,309051,nan,32.95
USW00053139,309260,nan,31.049999999999997
USW00053139,309468,nan,33.5
USW00053139,309666,nan,37.4
USW00053139,309881,nan,31.4
USW00053139,310090,nan,28.45
USW00053139,310296,nan,24.049999999999997
USW00053139,310493,nan,25.65
USW00053139,310677,nan,28.45
USW00053139,310876,nan,30.200000000000003
USW00053139,311078,nan,33.1
USW00053139,311281,nan,31.7
USW00053139,311459,nan,25.450000000000003
USW00053139,311501,nan,17.75
USW00053139,311653,nan,19.200000000000003
USW00053139,311841,nan,24.75
USW00053139,312047,nan,26.45
USW00053139,312250,nan,25.8
USW00053139,312445,nan,26.45
USW00053139,312646,nan,31.7
USW00053139,312862,nan,31.5
USW00053139,313065,nan,35.05
USW00053139,313275,nan,37.55
USW00053139,313477,nan,37.4
USW00053139,313688,nan,36.5
USW00053139,313898,nan,28.799999999999997
USW00053139,314091,nan,31.15
USW00053139,314291,nan,34.0
USW00053139,314500,nan,35.25
USW00053139,314709,nan,36.4
USW00053139,314909,nan,36.75
USW00053139,315125,nan,29.85
USW00053139,315313,nan,28.95
USW00053139,315525,nan,21.7
USW00053139,315714,nan,25.0
USW00053139,315928,nan,29.2
USW00053139,316137,nan,32.849999999999994
USW00053139,316352,nan,35.9
USW00053139,316573,nan,31.1
USW00053139,316768,nan,28.95
USW00053139,316979,nan,32.1
USW00053139,317186,nan,33.1
USW00053139,317393,nan,33.45
USW00053139,317579,nan,33.25
USW00053139,317782,nan,33.1
USW00053139,317989,nan,34.6
USW00053139,318197,nan,35.45
USW00053139,318400,nan,37.45
USW00053139,318609,nan,38.0
USW00053139,318822,nan,37.15
USW00053139,319030,nan,37.55
USW00053139,319234,nan,33.55
USW00053139,319437,nan,37.7
USW00053139,319643,nan,41.650000000000006
USW00053139,319859,nan,32.35
USW00053139,320048,nan,30.9
USW00053139,320240,nan,32.2
USW00053139,320463,nan,34.65
USW00053139,320669,nan,35.95
USW00053139,320862,nan,33.95
USW00053139,321077,nan,36.05
USW00053139,321285,nan,36.1
USW00053139,321502,nan,37.349999999999994
USW00053139,321707,nan,35.150000000000006
USW00053139,321915,nan,34.849999999999994
USW00053139,322123,nan,36.349999999999994
USW00053139,322342,nan,39.8
USW00053139,322552,nan,41.25
USW00053139,322755,nan,41.65
USW00053139,322970,nan,37.8
USW00053139,323177,nan,35.55
USW00053139,323388,nan,37.2
USW00053139,323584,nan,37.9
USW00053139,323799,nan,38.25
USW00053139,323998,nan,38.8
USW00053139,324211,nan,39.75
USW00053139,324410,nan,40.2
USW00053139,324614,nan,39.75
USW00053139,324819,nan,34.8
USW00053139,325017,nan,35.45
USW00053139,325224,nan,35.650000000000006
USW00053139,325438,nan,37.099999999999994
USW00053139,325648,nan,37.35
USW00053139,325853,nan,38.0
USW00053139,326058,nan,39.0
USW00053139,326289,nan,37.6
USW00053139,326503,nan,38.45
USW00053139,326727,nan,38.0
USW00053139,326946,nan,37.7
USW00053139,327170,nan,37.15
USW00053139,327381,nan,36.5
USW00053139,327603,nan,36.1
USW00053139,327795,nan,35.4
USW00053139,327998,nan,33.55
USW00053139,328204,nan,33.849999999999994
USW00053139,328427,nan,36.05
USW00053139,328633,nan,36.8
USW00053139,328838,nan,35.85
USW00053139,329035,nan,37.25
USW00053139,329237,nan,38.7
USW00053139,329435,nan,38.55
USW00053139,329640,nan,38.5
USW00053139,329840,nan,43.2
USW00053139,330051,nan,44.05
USW00053139,330257,nan,44.05
USW00053139,330456,nan,42.9
USW00053139,330689,nan,39.15
USW00053139,330886,nan,40.95
USW00053139,331114,nan,41.25
USW00053139,331328,nan,40.45
USW00053139,331526,nan,38.65
USW00053139,331722,nan,41.0
USW00053139,331933,nan,39.3
USW00053139,332147,nan,37.5
USW00053139,332351,nan,35.8
USW00053139,332556,nan,38.1
USW00053139,332773,nan,32.45
USW00053139,332980,nan,33.75
USW00053139,333198,nan,35.25
USW00053139,333415,nan,35.5
USW00053139,333641,nan,35.400000000000006
USW00053139,333870,nan,37.05
USW00053139,334092,nan,38.25
USW00053139,334313,nan,39.900000000000006
USW00053139,334527,nan,43.150000000000006
USW00053139,334729,nan,33.05
USW00053139,334927,nan,28.75
USW00053139,335126,nan,29.9
USW00053139,335340,nan,27.7
USW00053139,335548,nan,27.05
USW00053139,335772,nan,28.05
USW00053139,336004,nan,32.099999999999994
USW00053139,336209,nan,34.400000000000006
USW00053139,336421,nan,32.7
USW00053139,336642,nan,32.5
USW00053139,336856,nan,31.35
USW00053139,337061,nan,37.15
USW00053139,337260,nan,32.650000000000006
USW00053139,337465,nan,30.6
USW00053139,337685,nan,33.85
USW00053139,337910,nan,31.9
USW00053139,338122,nan,30.85
USW00053139,338325,nan,31.6
USW00053139,338537,nan,30.549999999999997
USW00053139,338752,nan,30.35
USW00053139,338947,nan,36.1
USW00053139,339148,nan,30.6
USW00053139,339358,nan,30.0
USW00053139,339578,nan,31.950000000000003
USW00053139,339805,nan,31.45
USW00053139,340046,nan,31.7
USW00053139,340278,nan,30.7
USW00053139,340501,nan,27.7
USW00053139,340722,nan,24.45
USW00053139,340950,nan,28.2
USW00053139,341164,nan,26.950000000000003
USW00053139,341380,nan,28.549999999999997
USW00053139,341582,nan,28.4
USW00053139,341799,nan,26.85
USW00053139,342007,nan,28.9
USW00053139,342227,nan,26.9
USW00053139,342444,nan,25.0
USW00053139,342668,nan,28.85
USW00053139,342891,nan,32.2
USW00053139,343093,nan,28.299999999999997
USW00053139,343308,nan,27.15
USW00053139,343529,nan,22.45
USW00053139,343758,nan,27.85
USW00053139,343975,nan,24.4
USW00053139,344200,nan,25.5
USW00053139,344429,nan,26.8
USW00053139,344606,nan,23.450000000000003
USW00053139,344809,nan,22.75
USW00053139,345024,nan,15.25
USW00053139,345207,nan,19.15
USW00053139,345410,nan,18.6
USW00053139,345632,nan,19.95
USW00053139,345862,nan,19.799999999999997
USW00053139,346094,nan,17.45
USW00053139,346321,nan,21.4
USW00053139,346538,nan,23.200000000000003
USW00053139,346759,nan,23.7
USW00053139,346980,nan,22.4
USW00053139,347204,nan,24.549999999999997
USW00053139,347423,nan,22.85
USW00053139,347655,nan,23.4
USW00053139,347827,nan,12.7
USW00053139,348028,nan,12.75
USW00053139,348222,nan,10.5
USW00053139,348424,nan,12.45
USW00053139,348604,nan,14.9
USW00053139,348804,nan,14.649999999999999
USW00053139,349019,nan,13.899999999999999
USW00053139,349248,nan,14.85
USW00053139,349468,nan,15.6
USW00053139,349682,nan,15.3
USW00053139,349901,nan,20.9
USW00053139,350116,nan,18.5
USW00053139,350338,nan,16.25
USW00053139,350549,nan,18.85
USW00053139,350776,nan,20.6
USW00053139,350997,nan,11.7
USW00053139,351220,nan,18.799999999999997
USW00053139,351423,nan,12.850000000000001
USW00053139,351627,nan,16.65
USW00053139,351794,nan,15.350000000000001
USW00053139,352005,nan,12.0
USW00053139,352217,nan,10.1
USW00053139,352436,nan,12.85
USW00053139,352663,nan,12.2
USW00053139,352893,nan,14.0
USW00053139,353091,nan,17.25
USW00053139,353300,nan,9.7
USW00053139,353524,nan,8.600000000000001
USW00053139,353749,nan,8.649999999999999
USW00053139,353961,nan,10.05
USW00053139,354159,nan,17.65
USW00053139,354381,nan,14.85
USW00053139,354588,nan,11.5
USW00053139,354817,nan,9.55
USW00053139,355020,nan,7.65
USW00053139,355247,nan,13.350000000000001
USW00053139,355452,nan,4.9
USW00053139,355653,nan,15.15
USW00053139,355850,nan,9.5
USW00053139,356065,nan,10.4
USW00053139,356275,nan,16.950000000000003
USW00053139,356475,nan,11.3
USW00053139,356688,nan,10.55
USW00053139,356897,nan,9.100000000000001
USW00053139,357121,nan,7.3
USW00053139,357345,nan,12.149999999999999
USW00053139,357553,nan,9.75
USW00053139,357768,nan,7.75
USW00053139,357985,nan,7.0
USW00053139,358216,nan,11.8
USW00053139,358417,nan,8.8
USW00053139,358593,nan,9.350000000000001
USW00053139,358805,nan,11.600000000000001
USW00053139,359014,nan,7.9
USW00053141,361340,nan,12.5
USW00053141,361343,nan,14.65
USW00053141,363877,nan,17.0
USW00053141,365046,nan,20.5
USW00053143,376492,nan,9.5
USW00053144,380400,nan,7.9
USW00053144,381139,nan,8.05
USW00053144,381501,nan,21.8
USW00053144,383576,nan,36.65
USW00053150,388298,nan,5.55
USW00053150,388493,nan,1.25
USW00053150,388671,nan,8.55
USW00053150,388835,nan,4.5
USW00053150,389015,nan,1.2
USW00053150,389190,nan,5.1
USW00053150,389375,nan,6.800000000000001
USW00053150,389549,nan,-1.5499999999999998
USW00053150,389731,nan,-2.25
USW00053150,389897,nan,-0.3
USW00053150,390090,nan,2.1
USW00053150,390269,nan,-2.8
USW00053150,390438,nan,-4.9
USW00053150,390619,nan,-0.8
USW00053150,390765,nan,-1.45
USW00053150,390940,nan,2.3
USW00053150,391067,nan,-5.95
USW00053150,391096,nan,-6.949999999999999
USW00053150,391250,nan,1.85
USW00053150,391437,nan,8.25
USW00053150,391601,nan,6.15
USW00053150,391779,nan,0.8
USW00053150,391914,nan,0.9
USW00053150,392068,nan,4.25
USW00053150,392243,nan,6.699999999999999
USW00053150,392408,nan,3.4
USW00053150,392580,nan,5.0
USW00053150,392743,nan,2.3499999999999996
USW00053150,392914,nan,4.3
USW00053150,393111,nan,0.30000000000000004
USW00053150,393301,nan,5.0
USW00053150,393481,nan,9.3
USW00053150,393667,nan,12.8
USW00053150,393848,nan,9.350000000000001
USW00053150,394013,nan,-8.2
USW00053150,394187,nan,-6.1
USW00053150,394370,nan,0.44999999999999996
USW00053150,394570,nan,5.65
USW00053150,394742,nan,6.85
USW00053150,394925,nan,7.4
USW00053150,395120,nan,-0.6499999999999999
USW00053150,395267,nan,-1.35
USW00053150,395463,nan,6.45
USW00053150,395646,nan,6.85
USW00053150,395836,nan,2.95
USW00053150,396026,nan,1.9500000000000002
USW00053150,396218,nan,4.2
USW00053150,396415,nan,5.75
USW00053150,396603,nan,4.199999999999999
USW00053150,396788,nan,3.3
USW00053150,396963,nan,0.8
USW00053150,397133,nan,2.45
USW00053150,397299,nan,4.35
USW00053150,397468,nan,5.5
USW00053150,397635,nan,3.1
USW00053150,397827,nan,3.0
USW00053150,398011,nan,6.25
USW00053150,398189,nan,6.6
USW00053150,398373,nan,8.149999999999999
USW00053150,398545,nan,8.65
USW00053150,398719,nan,5.95
USW00053150,398893,nan,-1.2999999999999998
USW00053150,399021,nan,-2.8
USW00053150,399219,nan,6.6
USW00053150,399426,nan,9.7
USW00053150,399622,nan,7.9
USW00053150,399795,nan,6.9
USW00053150,399948,nan,5.0
USW00053150,400060,nan,-2.4
USW00053150,400185,nan,-0.15000000000000002
USW00053150,400362,nan,2.45
USW00053150,400547,nan,2.75
USW00053150,400701,nan,3.6
USW00053150,400889,nan,6.050000000000001
USW00053150,401083,nan,1.2
USW00053150,401185,nan,-2.45
USW00053150,401257,nan,-1.8
USW00053150,401354,nan,-5.8
USW00053150,401475,nan,-5.65
USW00053150,401600,nan,-4.65
USW00053150,401727,nan,-3.6500000000000004
USW00053150,401865,nan,-0.9
USW00053150,402019,nan,-0.55
USW00053150,402180,nan,-0.6
USW00053150,402275,nan,-0.1
USW00053150,402358,nan,-3.05
USW00053150,402464,nan,-5.65
USW00053150,402520,nan,-4.0
USW00053150,402606,nan,-3.9499999999999997
USW00053150,402746,nan,-3.0
USW00053150,402861,nan,-2.5
USW00053150,402999,nan,-0.3
USW00053150,403161,nan,5.550000000000001
USW00053150,403339,nan,3.75
USW00053150,403490,nan,-0.65
USW00053150,403664,nan,0.5
USW00053150,403836,nan,1.7999999999999998
USW00053150,403973,nan,-0.7
USW00053150,404052,nan,-3.2
USW00053150,404164,nan,-2.45
USW00053150,404316,nan,2.5999999999999996
USW00053150,404441,nan,1.7999999999999998
USW00053150,404550,nan,-0.2
USW00053150,404591,nan,0.8500000000000001
USW00053150,404692,nan,3.55
USW00053150,404714,nan,4.65
USW00053150,404904,nan,5.3
USW00053150,405082,nan,2.55
USW00053150,405258,nan,3.25
USW00053150,405462,nan,5.8
USW00053150,405634,nan,7.8
USW00053150,405809,nan,6.6
USW00053150,405965,nan,2.4
USW00053150,406124,nan,2.8
USW00053150,406312,nan,3.9499999999999997
USW00053150,406477,nan,1.9500000000000002
USW00053150,406664,nan,7.199999999999999
USW00053150,406850,nan,9.2
USW00053150,407055,nan,13.4
USW00053150,407235,nan,13.45
USW00053150,407434,nan,10.9
USW00053150,407623,nan,9.8
USW00053150,407809,nan,12.95
USW00053150,407979,nan,15.5
USW00053150,408149,nan,11.9
USW00053150,408334,nan,9.0
USW00053150,408508,nan,9.45
USW00053150,408697,nan,6.3
USW00053150,408888,nan,8.3
USW00053150,409076,nan,10.15
USW00053150,409263,nan,9.5
USW00053150,409445,nan,14.1
USW00053150,409626,nan,14.2
USW00053150,409809,nan,14.7
USW00053150,409988,nan,13.7
USW00053150,410160,nan,10.0
USW00053150,410351,nan,4.05
USW00053150,410532,nan,2.45
USW00053150,410715,nan,2.95
USW00053150,410892,nan,5.8
USW00053150,411085,nan,10.05
USW00053150,411271,nan,8.4
USW00053150,411448,nan,4.55
USW00053150,411581,nan,-1.45
USW00053150,411725,nan,0.8
USW00053150,411901,nan,6.1
USW00053150,412094,nan,7.2
USW00053150,412288,nan,5.65
USW00053150,412476,nan,9.75
USW00053150,412685,nan,12.7
USW00053150,412872,nan,16.4
USW00053150,413050,nan,18.55
USW00053150,413224,nan,19.6
USW00053150,413416,nan,18.15
USW00053150,413627,nan,9.9
USW00053150,413817,nan,6.9
USW00053150,413991,nan,9.95
USW00053150,414157,nan,13.2
USW00053150,414333,nan,17.35
USW00053150,414521,nan,18.65
USW00053150,414694,nan,19.1
USW00053150,414876,nan,8.1
USW00053150,415069,nan,2.6
USW00053150,415262,nan,1.35
USW00053150,415456,nan,9.45
USW00053150,415640,nan,12.7
USW00053150,415837,nan,15.05
USW00053150,416034,nan,14.649999999999999
USW00053150,416211,nan,2.1500000000000004
USW00053150,416389,nan,8.5
USW00053150,416586,nan,11.350000000000001
USW00053150,416772,nan,10.149999999999999
USW00053150,416955,nan,10.7
USW00053150,417146,nan,11.45
USW00053150,417335,nan,15.15
USW00053150,417507,nan,16.799999999999997
USW00053150,417686,nan,17.05
USW00053150,417873,nan,16.5
USW00053150,418054,nan,20.0
USW00053150,418253,nan,19.9
USW00053150,418426,nan,18.25
USW00053150,418629,nan,21.2
USW00053150,418822,nan,20.25
USW00053150,419006,nan,15.7
USW00053150,419197,nan,10.25
USW00053150,419378,nan,12.55
USW00053150,419571,nan,13.100000000000001
USW00053150,419760,nan,13.350000000000001
USW00053150,419933,nan,12.75
USW00053150,420114,nan,14.399999999999999
USW00053150,420292,nan,17.8
USW00053150,420458,nan,19.5
USW00053150,420642,nan,14.35
USW00053150,420825,nan,16.0
USW00053150,421000,nan,14.8
USW00053150,421177,nan,18.5
USW00053150,421369,nan,19.05
USW00053150,421548,nan,20.25
USW00053150,421730,nan,20.15
USW00053150,421904,nan,16.7
USW00053150,422088,nan,17.4
USW00053150,422263,nan,20.35
USW00053150,422445,nan,18.6
USW00053150,422620,nan,18.65
USW00053150,422808,nan,19.4
USW00053150,423003,nan,19.15
USW00053150,423203,nan,19.5
USW00053150,423393,nan,16.45
USW00053150,423560,nan,14.350000000000001
USW00053150,423742,nan,16.1
USW00053150,423913,nan,17.6
USW00053150,424105,nan,19.200000000000003
USW00053150,424282,nan,20.200000000000003
USW00053150,424445,nan,19.6
USW00053150,424620,nan,18.7
USW00053150,424803,nan,18.6
USW00053150,424992,nan,19.65
USW00053150,425180,nan,18.75
USW00053150,425354,nan,18.85
USW00053150,425543,nan,20.65
USW00053150,425728,nan,17.45
USW00053150,425914,nan,16.4
USW00053150,426105,nan,12.6
USW00053150,426286,nan,13.350000000000001
USW00053150,426457,nan,15.6
USW00053150,426647,nan,18.6
USW00053150,426824,nan,21.4
USW00053150,427002,nan,19.45
USW00053150,427176,nan,18.9
USW00053150,427348,nan,18.450000000000003
USW00053150,427522,nan,20.9
USW00053150,427704,nan,21.7
USW00053150,427885,nan,24.0
USW00053150,428070,nan,24.65
USW00053150,428246,nan,23.5
USW00053150,428432,nan,22.7
USW00053150,428617,nan,20.3
USW00053150,428799,nan,19.65
USW00053150,428993,nan,19.95
USW00053150,429175,nan,24.4
USW00053150,429371,nan,18.799999999999997
USW00053150,429554,nan,18.25
USW00053150,429735,nan,17.3
USW00053150,429912,nan,15.649999999999999
USW00053150,430093,nan,18.2
USW00053150,430275,nan,19.1
USW00053150,430464,nan,17.85
USW00053150,430647,nan,17.05
USW00053150,430832,nan,18.2
USW00053150,431016,nan,18.75
USW00053150,431186,nan,19.85
USW00053150,431359,nan,22.0
USW00053150,431555,nan,23.85
USW00053150,431725,nan,24.2
USW00053150,431844,nan,24.95
USW00053150,432026,nan,20.95
USW00053150,432216,nan,16.25
USW00053150,432390,nan,14.1
USW00053150,432566,nan,14.149999999999999
USW00053150,432751,nan,17.5
USW00053150,432932,nan,19.45
USW00053150,433089,nan,17.25
USW00053150,433249,nan,16.6
USW00053150,433423,nan,16.9
USW00053150,433589,nan,17.049999999999997
USW00053150,433771,nan,17.75
USW00053150,433967,nan,10.75
USW00053150,434143,nan,14.0
USW00053150,434329,nan,14.600000000000001
USW00053150,434530,nan,13.9
USW00053150,434716,nan,14.649999999999999
USW00053150,434895,nan,15.350000000000001
USW00053150,435074,nan,14.95
USW00053150,435274,nan,16.05
USW00053150,435471,nan,15.649999999999999
USW00053150,435648,nan,20.05
USW00053150,435835,nan,18.25
USW00053150,436011,nan,18.6
USW00053150,436185,nan,19.1
USW00053150,436360,nan,21.0
USW00053150,436522,nan,19.65
USW00053150,436719,nan,18.450000000000003
USW00053150,436914,nan,18.6
USW00053150,437070,nan,16.9
USW00053150,437235,nan,16.55
USW00053150,437409,nan,14.649999999999999
USW00053150,437587,nan,11.350000000000001
USW00053150,437759,nan,10.850000000000001
USW00053150,437959,nan,8.9
USW00053150,438149,nan,14.95
USW00053150,438330,nan,16.6
USW00053150,438497,nan,17.6
USW00053150,438692,nan,18.6
USW00053150,438862,nan,19.200000000000003
USW00053150,439049,nan,17.95
USW00053150,439226,nan,17.6
USW00053150,439403,nan,15.9
USW00053150,439593,nan,15.1
USW00053150,439772,nan,16.25
USW00053150,439960,nan,12.95
USW00053150,440137,nan,11.55
USW00053150,440330,nan,10.85
USW00053150,440528,nan,7.800000000000001
USW00053150,440709,nan,3.55
USW00053150,440909,nan,8.05
USW00053150,441131,nan,14.2
USW00053150,441336,nan,15.35
USW00053150,441527,nan,11.2
USW00053150,441710,nan,13.7
USW00053150,441890,nan,13.95
USW00053150,442067,nan,15.05
USW00053150,442234,nan,14.45
USW00053150,442399,nan,14.0
USW00053150,442569,nan,14.95
USW00053150,442740,nan,12.95
USW00053150,442900,nan,-4.45
USW00053150,443033,nan,-3.4
USW00053150,443180,nan,-4.949999999999999
USW00053150,443344,nan,-4.6
USW00053150,443539,nan,3.0
USW00053150,443697,nan,4.15
USW00053150,443869,nan,2.3
USW00053150,444037,nan,1.2
USW00053150,444209,nan,6.4
USW00053150,444369,nan,12.65
USW00053150,444546,nan,11.399999999999999
USW00053150,444665,nan,6.4
USW00053150,444808,nan,1.4500000000000002
USW00053150,445006,nan,7.0
USW00053150,445176,nan,7.449999999999999
USW00053150,445351,nan,7.7
USW00053150,445526,nan,3.9
USW00053150,445706,nan,3.95
USW00053150,445868,nan,4.5
USW00053150,446039,nan,-1.45
USW00053150,446244,nan,3.8000000000000003
USW00053150,446444,nan,4.4
USW00053150,446630,nan,8.6
USW00053150,446796,nan,7.15
USW00053150,446968,nan,7.4
USW00053150,447132,nan,10.9
USW00053150,447321,nan,5.85
USW00053150,447504,nan,4.699999999999999
USW00053150,447691,nan,6.4
USW00053150,447868,nan,5.65
USW00053150,448062,nan,4.0
USW00053150,448249,nan,11.649999999999999
USW00053150,448444,nan,7.199999999999999
USW00053150,448616,nan,6.45
USW00053150,448792,nan,1.95
USW00053150,448961,nan,0.4
USW00053150,449059,nan,2.45
USW00053150,449107,nan,3.3499999999999996
USW00053150,449267,nan,-3.3499999999999996
USW00053150,449424,nan,-2.1
USW00053150,449606,nan,3.2
USW00053150,449782,nan,4.9
USW00053150,449926,nan,-1.5
USW00053150,450136,nan,6.55
USW00053150,450316,nan,8.15
USW00053150,450476,nan,9.7
USW00053150,450656,nan,5.35
USW00053150,450843,nan,4.35
USW00053150,451036,nan,8.3
USW00053150,451214,nan,1.9
USW00053150,451366,nan,2.45
USW00053150,451529,nan,4.0
USW00053150,451692,nan,-1.7
USW00053150,451810,nan,-3.7
USW00053150,452001,nan,1.95
USW00053150,452186,nan,-0.35
USW00053151,452373,nan,10.4
USW00053151,452574,nan,10.55
USW00053151,452764,nan,11.95
USW00053151,452957,nan,11.9
USW00053151,453157,nan,11.55
USW00053151,453365,nan,14.45
USW00053151,453558,nan,13.25
USW00053151,453760,nan,11.4
USW00053151,453952,nan,9.45
USW00053151,454120,nan,7.6
USW00053151,454326,nan,9.3
USW00053151,454509,nan,8.45
USW00053151,454694,nan,9.6
USW00053151,454890,nan,7.800000000000001
USW00053151,455078,nan,7.45
USW00053151,455263,nan,9.55
USW00053151,455449,nan,9.0
USW00053151,455614,nan,8.6
USW00053151,455799,nan,12.95
USW00053151,456020,nan,11.3
USW00053151,456205,nan,10.7
USW00053151,456342,nan,9.1
USW00053151,456516,nan,11.45
USW00053151,456718,nan,14.1
USW00053151,456913,nan,12.3
USW00053151,457103,nan,9.3
USW00053151,457255,nan,10.4
USW00053151,457456,nan,12.9
USW00053151,457661,nan,10.5
USW00053151,457865,nan,12.8
USW00053151,458085,nan,14.15
USW00053151,458306,nan,14.9
USW00053151,458512,nan,15.950000000000001
USW00053151,458697,nan,10.75
USW00053151,458866,nan,7.1
USW00053151,459060,nan,5.3
USW00053151,459270,nan,6.4
USW00053151,459464,nan,8.6
USW00053151,459665,nan,10.55
USW00053151,459854,nan,10.45
USW00053151,459972,nan,8.6
USW00053151,460167,nan,8.8
USW00053151,460384,nan,10.05
USW00053151,460589,nan,8.35
USW00053151,460792,nan,10.35
USW00053151,460996,nan,11.25
USW00053151,461192,nan,11.05
USW00053151,461385,nan,10.8
USW00053151,461570,nan,11.95
USW00053151,461749,nan,10.9
USW00053151,461925,nan,12.3
USW00053151,462119,nan,16.75
USW00053151,462310,nan,12.0
USW00053151,462454,nan,10.1
USW00053151,462612,nan,9.75
USW00053151,462806,nan,14.25
USW00053151,463013,nan,16.6
USW00053151,463195,nan,15.1
USW00053151,463398,nan,19.4
USW00053151,463599,nan,14.4
USW00053151,463788,nan,11.3
USW00053151,463912,nan,7.65
USW00053151,464099,nan,10.2
USW00053151,464312,nan,13.05
USW00053151,464519,nan,10.55
USW00053151,464741,nan,12.45
USW00053151,464933,nan,11.3
USW00053151,465083,nan,10.05
USW00053151,465266,nan,8.7
USW00053151,465446,nan,12.350000000000001
USW00053151,465576,nan,13.7
USW00053151,465748,nan,13.2
USW00053151,465874,nan,10.649999999999999
USW00053151,465969,nan,11.45
USW00053151,466107,nan,11.15
USW00053151,466262,nan,10.75
USW00053151,466404,nan,9.55
USW00053151,466582,nan,7.449999999999999
USW00053151,466736,nan,8.649999999999999
USW00053151,466907,nan,8.7
USW00053151,467080,nan,9.9
USW00053151,467267,nan,9.5
USW00053151,467432,nan,12.5
USW00053151,467596,nan,9.3
USW00053151,467778,nan,10.05
USW00053151,467945,nan,8.45
USW00053151,468130,nan,6.35
USW00053151,468317,nan,8.149999999999999
USW00053151,468512,nan,7.95
USW00053151,468712,nan,10.05
USW00053151,468905,nan,13.1
USW00053151,469094,nan,13.850000000000001
USW00053151,469278,nan,12.05
USW00053151,469433,nan,10.75
USW00053151,469607,nan,11.05
USW00053151,469762,nan,11.3
USW00053151,469898,nan,10.1
USW00053151,469986,nan,10.149999999999999
USW00053151,470131,nan,9.0
USW00053151,470284,nan,7.65
USW00053151,470395,nan,9.1
USW00053151,470507,nan,8.7
USW00053151,470675,nan,11.5
USW00053151,470788,nan,10.2
USW00053151,470911,nan,11.1
USW00053151,471100,nan,15.149999999999999
USW00053151,471305,nan,14.7
USW00053151,471508,nan,11.05
USW00053151,471683,nan,11.55
USW00053151,471839,nan,11.5
USW00053151,471992,nan,12.4
USW00053151,472145,nan,11.95
USW00053151,472334,nan,13.1
USW00053151,472550,nan,17.35
USW00053151,472755,nan,18.7
USW00053151,472970,nan,22.45
USW00053151,473179,nan,21.35
USW00053151,473387,nan,17.700000000000003
USW00053151,473587,nan,18.0
USW00053151,473777,nan,16.15
USW00053151,473944,nan,15.4
USW00053151,474106,nan,15.2
USW00053151,474281,nan,14.2
USW00053151,474462,nan,14.7
USW00053151,474652,nan,14.25
USW00053151,474865,nan,19.5
USW00053151,475065,nan,20.25
USW00053151,475264,nan,20.9
USW00053151,475477,nan,19.1
USW00053151,475670,nan,14.7
USW00053151,475731,nan,16.95
USW00053151,475860,nan,14.8
USW00053151,476014,nan,14.55
USW00053151,476187,nan,13.1
USW00053151,476344,nan,13.8
USW00053151,476518,nan,12.75
USW00053151,476694,nan,13.649999999999999
USW00053151,476872,nan,15.350000000000001
USW00053151,477054,nan,14.55
USW00053151,477114,nan,17.0
USW00053151,477224,nan,14.3
USW00053151,477405,nan,13.350000000000001
USW00053151,477598,nan,11.75
USW00053151,477806,nan,12.850000000000001
USW00053151,478013,nan,13.95
USW00053151,478176,nan,13.55
USW00053151,478354,nan,12.649999999999999
USW00053151,478547,nan,13.5
USW00053151,478761,nan,16.1
USW00053151,478974,nan,20.05
USW00053151,479182,nan,14.9
USW00053151,479350,nan,15.8
USW00053151,479489,nan,14.55
USW00053151,479671,nan,14.55
USW00053151,479873,nan,15.8
USW00053151,480072,nan,16.5
USW00053151,480286,nan,20.95
USW00053151,480493,nan,15.6
USW00053151,480657,nan,15.25
USW00053151,480780,nan,15.0
USW00053151,480951,nan,13.75
USW00053151,481153,nan,14.05
USW00053151,481367,nan,21.0
USW00053151,481570,nan,22.3
USW00053151,481789,nan,20.9
USW00053151,481996,nan,14.0
USW00053151,482199,nan,12.6
USW00053151,482381,nan,14.6
USW00053151,482575,nan,15.0
USW00053151,482763,nan,14.65
USW00053151,482927,nan,15.3
USW00053151,483093,nan,13.6
USW00053151,483268,nan,14.7
USW00053151,483431,nan,16.200000000000003
USW00053151,483583,nan,16.1
USW00053151,483765,nan,15.3
USW00053151,483926,nan,15.649999999999999
USW00053151,484088,nan,15.850000000000001
USW00053151,484248,nan,15.5
USW00053151,484425,nan,14.95
USW00053151,484609,nan,15.75
USW00053151,484782,nan,15.649999999999999
USW00053151,484939,nan,15.1
USW00053151,485106,nan,13.149999999999999
USW00053151,485288,nan,16.85
USW00053151,485447,nan,15.55
USW00053151,485631,nan,15.55
USW00053151,485840,nan,17.4
USW00053151,486071,nan,20.2
USW00053151,486284,nan,21.450000000000003
USW00053151,486502,nan,18.25
USW00053151,486711,nan,16.950000000000003
USW00053151,486911,nan,14.7
USW00053151,487128,nan,17.35
USW00053151,487345,nan,20.85
USW00053151,487567,nan,22.95
USW00053151,487780,nan,20.65
USW00053151,487975,nan,16.75
USW00053151,488153,nan,16.299999999999997
USW00053151,488356,nan,16.1
USW00053151,488539,nan,16.65
USW00053151,488722,nan,16.7
USW00053151,488925,nan,17.3
USW00053151,489125,nan,16.799999999999997
USW00053151,489318,nan,15.7
USW00053151,489486,nan,16.65
USW00053151,489651,nan,16.0
USW00053151,489828,nan,15.3
USW00053151,490021,nan,14.8
USW00053151,490209,nan,16.200000000000003
USW00053151,490401,nan,16.65
USW00053151,490587,nan,15.4
USW00053151,490647,nan,17.95
USW00053151,490786,nan,15.3
USW00053151,490830,nan,17.049999999999997
USW00053151,490976,nan,16.6
USW00053151,491025,nan,18.35
USW00053151,491169,nan,22.200000000000003
USW00053151,491395,nan,24.7
USW00053151,491614,nan,22.85
USW00053151,491808,nan,16.3
USW00053151,492023,nan,15.649999999999999
USW00053151,492199,nan,16.450000000000003
USW00053151,492370,nan,16.85
USW00053151,492540,nan,14.4
USW00053151,492746,nan,15.9
USW00053151,492960,nan,15.8
USW00053151,493166,nan,15.4
USW00053151,493378,nan,15.65
USW00053151,493592,nan,18.55
USW00053151,493810,nan,20.3
USW00053151,494025,nan,20.75
USW00053151,494250,nan,27.75
USW00053151,494472,nan,23.1
USW00053151,494672,nan,24.049999999999997
USW00053151,494883,nan,21.05
USW00053151,495098,nan,24.65
USW00053151,495306,nan,20.75
USW00053151,495510,nan,22.15
USW00053151,495720,nan,23.95
USW00053151,495910,nan,21.25
USW00053151,496100,nan,21.6
USW00053151,496280,nan,19.7
USW00053151,496325,nan,20.9
USW00053151,496330,nan,24.200000000000003
USW00053151,496469,nan,19.95
USW00053151,496692,nan,19.75
USW00053151,496904,nan,18.799999999999997
USW00053151,497109,nan,16.4
USW00053151,497154,nan,17.2
USW00053151,497301,nan,16.200000000000003
USW00053151,497488,nan,16.85
USW00053151,497687,nan,16.85
USW00053151,497865,nan,16.25
USW00053151,498059,nan,16.55
USW00053151,498254,nan,18.85
USW00053151,498468,nan,26.75
USW00053151,498689,nan,32.9
USW00053151,498909,nan,25.95
USW00053151,499090,nan,19.1
USW00053151,499240,nan,19.8
USW00053151,499447,nan,20.2
USW00053151,499647,nan,22.0
USW00053151,499851,nan,23.2
USW00053151,500044,nan,21.35
USW00053151,500259,nan,19.65
USW00053151,500471,nan,22.15
USW00053151,500681,nan,23.65
USW00053151,500879,nan,23.95
USW00053151,501085,nan,26.299999999999997
USW00053151,501298,nan,24.6
USW00053151,501502,nan,18.9
USW00053151,501703,nan,16.65
USW00053151,501895,nan,15.2
USW00053151,502112,nan,19.799999999999997
USW00053151,502321,nan,22.25
USW00053151,502537,nan,19.35
USW00053151,502750,nan,16.25
USW00053151,502951,nan,15.95
USW00053151,503128,nan,16.299999999999997
USW00053151,503332,nan,21.049999999999997
USW00053151,503547,nan,26.049999999999997
USW00053151,503761,nan,26.5
USW00053151,503973,nan,25.35
USW00053151,504187,nan,24.85
USW00053151,504397,nan,22.45
USW00053151,504603,nan,23.450000000000003
USW00053151,504800,nan,22.9
USW00053151,505000,nan,22.1
USW00053151,505180,nan,17.299999999999997
USW00053151,505348,nan,15.5
USW00053151,505524,nan,17.15
USW00053151,505683,nan,16.15
USW00053151,505884,nan,19.1
USW00053151,506093,nan,24.200000000000003
USW00053151,506301,nan,23.6
USW00053151,506502,nan,21.75
USW00053151,506708,nan,24.05
USW00053151,506915,nan,24.1
USW00053151,507123,nan,21.75
USW00053151,507333,nan,15.55
USW00053151,507526,nan,15.6
USW00053151,507709,nan,14.8
USW00053151,507871,nan,16.75
USW00053151,508039,nan,15.95
USW00053151,508198,nan,15.6
USW00053151,508348,nan,15.55
USW00053151,508483,nan,13.25
USW00053151,508669,nan,13.0
USW00053151,508877,nan,14.55
USW00053151,509080,nan,14.0
USW00053151,509290,nan,16.700000000000003
USW00053151,509501,nan,17.85
USW00053151,509712,nan,19.35
USW00053151,509926,nan,19.799999999999997
USW00053151,510133,nan,16.15
USW00053151,510342,nan,16.6
USW00053151,510560,nan,22.25
USW00053151,510782,nan,18.35
USW00053151,510964,nan,12.5
USW00053151,511137,nan,8.7
USW00053151,511312,nan,8.0
USW00053151,511514,nan,6.9
USW00053151,511701,nan,8.8
USW00053151,511902,nan,10.2
USW00053151,512109,nan,11.55
USW00053151,512290,nan,11.1
USW00053151,512491,nan,16.05
USW00053151,512695,nan,18.2
USW00053151,512919,nan,18.0
USW00053151,513122,nan,17.049999999999997
USW00053151,513325,nan,11.6
USW00053151,513517,nan,13.0
USW00053151,513727,nan,15.55
USW00053151,513932,nan,17.8
USW00053151,514141,nan,12.25
USW00053151,514330,nan,11.0
USW00053151,514522,nan,10.9
USW00053151,514714,nan,9.2
USW00053151,514899,nan,11.5
USW00053151,515108,nan,11.5
USW00053151,515304,nan,12.3
USW00053151,515517,nan,14.149999999999999
USW00053151,515738,nan,13.350000000000001
USW00053151,515965,nan,14.350000000000001
USW00053151,516163,nan,16.35
USW00053151,516342,nan,11.35
USW00053151,516550,nan,11.7
USW00053151,516760,nan,11.5
USW00053151,516977,nan,13.2
USW00053151,517160,nan,21.55
USW00053151,517349,nan,17.25
USW00053151,517555,nan,11.3
USW00053151,517744,nan,9.9
USW00053151,517934,nan,7.800000000000001
USW00053151,518098,nan,10.75
USW00053151,518299,nan,10.3
USW00053151,518493,nan,8.75
USW00053151,518692,nan,9.55
USW00053151,518896,nan,12.4
USW00053151,519067,nan,10.0
USW00053151,519264,nan,10.850000000000001
USW00053151,519458,nan,12.25
USW00053151,519670,nan,15.75
USW00053151,519890,nan,13.65
USW00053151,520096,nan,7.35
USW00053151,520287,nan,15.95
USW00053151,520429,nan,14.05
USW00053151,520629,nan,12.850000000000001
USW00053151,520813,nan,10.0
USW00053151,520980,nan,10.350000000000001
USW00053151,521127,nan,6.3
USW00053151,521298,nan,9.0
USW00053151,521504,nan,9.75
USW00053152,521706,nan,7.15
USW00053152,521904,nan,15.9
USW00053152,522136,nan,9.25
USW00053152,522339,nan,7.65
USW00053152,522523,nan,8.4
USW00053152,522723,nan,17.05
USW00053152,522935,nan,6.85
USW00053152,523146,nan,11.25
USW00053152,523364,nan,12.7
USW00053152,523579,nan,8.25
USW00053152,523777,nan,6.55
USW00053152,523974,nan,7.5
USW00053152,524176,nan,5.9
USW00053152,524373,nan,6.45
USW00053152,524556,nan,6.300000000000001
USW00053152,524732,nan,6.25
USW00053152,524892,nan,7.4
USW00053152,525091,nan,5.65
USW00053152,525278,nan,6.7
USW00053152,525483,nan,11.899999999999999
USW00053152,525655,nan,12.0
USW00053152,525822,nan,10.1
USW00053152,526030,nan,9.6
USW00053152,526214,nan,10.55
USW00053152,526434,nan,15.25
USW00053152,526636,nan,11.8
USW00053152,526832,nan,12.15
USW00053152,527062,nan,13.350000000000001
USW00053152,527288,nan,14.15
USW00053152,527504,nan,8.899999999999999
USW00053152,527709,nan,10.95
USW00053152,527923,nan,10.4
USW00053152,528129,nan,10.25
USW00053152,528315,nan,10.95
USW00053152,528518,nan,8.100000000000001
USW00053152,528728,nan,3.95
USW00053152,528917,nan,7.95
USW00053152,529095,nan,7.25
USW00053152,529276,nan,7.5
USW00053152,529449,nan,11.55
USW00053152,529622,nan,11.95
USW00053152,529858,nan,13.8
USW00053152,530069,nan,7.35
USW00053152,530243,nan,8.05
USW00053152,530420,nan,8.35
USW00053152,530599,nan,9.0
USW00053152,530769,nan,9.350000000000001
USW00053152,530939,nan,8.85
USW00053152,531127,nan,9.6
USW00053152,531314,nan,10.55
USW00053152,531499,nan,9.649999999999999
USW00053152,531695,nan,9.149999999999999
USW00053152,531871,nan,13.850000000000001
USW00053152,532030,nan,9.850000000000001
USW00053152,532238,nan,9.3
USW00053152,532438,nan,15.5
USW00053152,532647,nan,11.75
USW00053152,532848,nan,9.15
USW00053152,533076,nan,13.0
USW00053152,533302,nan,16.5
USW00053152,533515,nan,10.45
USW00053152,533683,nan,7.4
USW00053152,533900,nan,9.0
USW00053152,534104,nan,11.25
USW00053152,534282,nan,13.3
USW00053152,534426,nan,10.45
USW00053152,534591,nan,12.649999999999999
USW00053152,534751,nan,7.5
USW00053152,534930,nan,11.649999999999999
USW00053152,535114,nan,14.65
USW00053152,535262,nan,14.1
USW00053152,535412,nan,11.55
USW00053152,535561,nan,13.149999999999999
USW00053152,535661,nan,13.5
USW00053152,535818,nan,11.8
USW00053152,535967,nan,13.649999999999999
USW00053152,536145,nan,5.199999999999999
USW00053152,536324,nan,8.55
USW00053152,536518,nan,8.850000000000001
USW00053152,536704,nan,10.25
USW00053152,536854,nan,11.9
USW00053152,537029,nan,9.6
USW00053152,537175,nan,13.5
USW00053152,537358,nan,9.75
USW00053152,537522,nan,10.95
USW00053152,537724,nan,8.9
USW00053152,537906,nan,7.65
USW00053152,538106,nan,6.95
USW00053152,538282,nan,11.6
USW00053152,538467,nan,10.25
USW00053152,538667,nan,10.25
USW00053152,538860,nan,12.05
USW00053152,539059,nan,11.05
USW00053152,539273,nan,8.850000000000001
USW00053152,539414,nan,16.5
USW00053152,539462,nan,9.600000000000001
USW00053152,539643,nan,10.4
USW00053152,539783,nan,12.350000000000001
USW00053152,539934,nan,7.800000000000001
USW00053152,540103,nan,9.8
USW00053152,540257,nan,10.850000000000001
USW00053152,540382,nan,8.55
USW00053152,540571,nan,11.45
USW00053152,540759,nan,13.5
USW00053152,540873,nan,13.25
USW00053152,541055,nan,10.3
USW00053152,541236,nan,12.350000000000001
USW00053152,541420,nan,12.35
USW00053152,541577,nan,14.1
USW00053152,541723,nan,14.350000000000001
USW00053152,541872,nan,11.600000000000001
USW00053152,542065,nan,10.600000000000001
USW00053152,542251,nan,13.2
USW00053152,542474,nan,17.6
USW00053152,542707,nan,19.049999999999997
USW00053152,542946,nan,26.15
USW00053152,543173,nan,14.1
USW00053152,543349,nan,14.75
USW00053152,543539,nan,14.850000000000001
USW00053152,543594,nan,16.4
USW00053152,543722,nan,14.05
USW00053152,543893,nan,14.9
USW00053152,544010,nan,14.45
USW00053152,544124,nan,15.899999999999999
USW00053152,544150,nan,21.4
USW00053152,544366,nan,18.35
USW00053152,544589,nan,14.95
USW00053152,544807,nan,14.1
USW00053152,544812,nan,13.8
USW00053152,545033,nan,13.0
USW00053152,545253,nan,14.5
USW00053152,545477,nan,12.7
USW00053152,545663,nan,14.649999999999999
USW00053152,545848,nan,14.649999999999999
USW00053152,545966,nan,12.8
USW00053152,546086,nan,13.6
USW00053152,546232,nan,11.350000000000001
USW00053152,546424,nan,13.0
USW00053152,546638,nan,16.65
USW00053152,546850,nan,17.7
USW00053152,547079,nan,13.7
USW00053152,547300,nan,15.8
USW00053152,547475,nan,15.3
USW00053152,547628,nan,11.600000000000001
USW00053152,547809,nan,13.899999999999999
USW00053152,548038,nan,12.4
USW00053152,548243,nan,13.85
USW00053152,548434,nan,12.55
USW00053152,548622,nan,13.05
USW00053152,548801,nan,13.0
USW00053152,548962,nan,14.350000000000001
USW00053152,549001,nan,16.05
USW00053152,549092,nan,14.1
USW00053152,549213,nan,13.8
USW00053152,549344,nan,14.4
USW00053152,549481,nan,15.05
USW00053152,549672,nan,14.75
USW00053152,549863,nan,14.9
USW00053152,550071,nan,15.75
USW00053152,550276,nan,13.600000000000001
USW00053152,550468,nan,16.95
USW00053152,550582,nan,16.25
USW00053152,550719,nan,13.85
USW00053152,550911,nan,16.6
USW00053152,551121,nan,16.0
USW00053152,551355,nan,16.45
USW00053152,551589,nan,17.6
USW00053152,551809,nan,16.299999999999997
USW00053152,551991,nan,15.2
USW00053152,552174,nan,15.95
USW00053152,552393,nan,19.15
USW00053152,552596,nan,14.1
USW00053152,552785,nan,16.45
USW00053152,552936,nan,13.25
USW00053152,553129,nan,14.3
USW00053152,553265,nan,16.0
USW00053152,553411,nan,13.1
USW00053152,553544,nan,14.8
USW00053152,553684,nan,15.649999999999999
USW00053152,553828,nan,15.8
USW00053152,553988,nan,15.6
USW00053152,554104,nan,15.05
USW00053152,554252,nan,15.350000000000001
USW00053152,554375,nan,15.1
USW00053152,554501,nan,15.1
USW00053152,554662,nan,12.850000000000001
USW00053152,554849,nan,14.75
USW00053152,555011,nan,15.649999999999999
USW00053152,555187,nan,12.3
USW00053152,555370,nan,12.4
USW00053152,555539,nan,14.45
USW00053152,555724,nan,13.9
USW00053152,555923,nan,16.0
USW00053152,556121,nan,16.1
USW00053152,556311,nan,16.75
USW00053152,556486,nan,15.05
USW00053152,556660,nan,14.25
USW00053152,556816,nan,15.0
USW00053152,556965,nan,16.95
USW00053152,557116,nan,16.85
USW00053152,557298,nan,15.9
USW00053152,557450,nan,15.6
USW00053152,557606,nan,13.0
USW00053152,557762,nan,15.4
USW00053152,557911,nan,13.5
USW00053152,558083,nan,14.1
USW00053152,558254,nan,13.65
USW00053152,558435,nan,14.8
USW00053152,558624,nan,15.25
USW00053152,558769,nan,14.95
USW00053152,558906,nan,12.8
USW00053152,559073,nan,15.5
USW00053152,559237,nan,15.55
USW00053152,559385,nan,15.149999999999999
USW00053152,559527,nan,15.0
USW00053152,559696,nan,15.350000000000001
USW00053152,559836,nan,14.5
USW00053152,559991,nan,13.75
USW00053152,560184,nan,14.95
USW00053152,560404,nan,15.7
USW00053152,560580,nan,15.7
USW00053152,560750,nan,16.3
USW00053152,560923,nan,14.25
USW00053152,561114,nan,15.100000000000001
USW00053152,561314,nan,13.6
USW00053152,561498,nan,16.3
USW00053152,561670,nan,13.350000000000001
USW00053152,561848,nan,14.25
USW00053152,561986,nan,12.05
USW00053152,562150,nan,14.350000000000001
USW00053152,562223,nan,15.9
USW00053152,562335,nan,14.9
USW00053152,562500,nan,17.55
USW00053152,562688,nan,16.0
USW00053152,562884,nan,20.35
USW00053152,563077,nan,18.8
USW00053152,563252,nan,18.9
USW00053152,563423,nan,21.2
USW00053152,563616,nan,17.35
USW00053152,563795,nan,18.55
USW00053152,563965,nan,18.2
USW00053152,564146,nan,19.25
USW00053152,564200,nan,22.1
USW00053152,564323,nan,19.25
USW00053152,564443,nan,19.3
USW00053152,564607,nan,18.35
USW00053152,564777,nan,17.55
USW00053152,564964,nan,16.700000000000003
USW00053152,565129,nan,15.649999999999999
USW00053152,565265,nan,15.95
USW00053152,565411,nan,15.9
USW00053152,565547,nan,16.15
USW00053152,565682,nan,13.55
USW00053152,565862,nan,17.15
USW00053152,566045,nan,18.1
USW00053152,566216,nan,17.35
USW00053152,566402,nan,19.55
USW00053152,566609,nan,20.85
USW00053152,566773,nan,19.3
USW00053152,566888,nan,17.4
USW00053152,567019,nan,15.649999999999999
USW00053152,567153,nan,14.55
USW00053152,567320,nan,12.95
USW00053152,567475,nan,13.75
USW00053152,567642,nan,13.75
USW00053152,567824,nan,13.3
USW00053152,568027,nan,12.95
USW00053152,568224,nan,15.45
USW00053152,568413,nan,16.45
USW00053152,568635,nan,19.299999999999997
USW00053152,568833,nan,16.200000000000003
USW00053152,568964,nan,14.4
USW00053152,569087,nan,14.8
USW00053152,569223,nan,15.2
USW00053152,569376,nan,14.0
USW00053152,569580,nan,13.5
USW00053152,569793,nan,14.55
USW00053152,569998,nan,14.15
USW00053152,570161,nan,17.3
USW00053152,570266,nan,16.75
USW00053152,570405,nan,15.1
USW00053152,570609,nan,15.95
USW00053152,570827,nan,18.15
USW00053152,571047,nan,18.4
USW00053152,571256,nan,16.55
USW00053152,571397,nan,16.15
USW00053152,571446,nan,17.0
USW00053152,571549,nan,16.5
USW00053152,571718,nan,12.95
USW00053152,571884,nan,16.9
USW00053152,572033,nan,13.850000000000001
USW00053152,572231,nan,13.7
USW00053152,572428,nan,14.75
USW00053152,572626,nan,14.9
USW00053152,572827,nan,16.65
USW00053152,573041,nan,13.85
USW00053152,573259,nan,15.2
USW00053152,573460,nan,14.5
USW00053152,573672,nan,14.899999999999999
USW00053152,573873,nan,15.7
USW00053152,574055,nan,14.4
USW00053152,574214,nan,16.65
USW00053152,574306,nan,16.2
USW00053152,574397,nan,16.15
USW00053152,574497,nan,17.1
USW00053152,574621,nan,15.6
USW00053152,574739,nan,17.2
USW00053152,574909,nan,11.45
USW00053152,575131,nan,8.55
USW00053152,575362,nan,7.949999999999999
USW00053152,575577,nan,10.25
USW00053152,575787,nan,10.35
USW00053152,576004,nan,11.4
USW00053152,576198,nan,12.95
USW00053152,576408,nan,11.850000000000001
USW00053152,576546,nan,14.45
USW00053152,576717,nan,10.4
USW00053152,576912,nan,10.0
USW00053152,577137,nan,15.4
USW00053152,577329,nan,12.95
USW00053152,577517,nan,12.05
USW00053152,577687,nan,9.3
USW00053152,577908,nan,5.95
USW00053152,578121,nan,5.65
USW00053152,578330,nan,7.1
USW00053152,578542,nan,8.399999999999999
USW00053152,578746,nan,14.9
USW00053152,578955,nan,11.3
USW00053152,579173,nan,9.600000000000001
USW00053152,579410,nan,15.399999999999999
USW00053152,579613,nan,7.65
USW00053152,579789,nan,13.2
USW00053152,579942,nan,10.350000000000001
USW00053152,580138,nan,8.95
USW00053152,580351,nan,7.3
USW00053152,580572,nan,7.9
USW00053152,580794,nan,11.25
USW00053152,580981,nan,7.1
USW00053152,581181,nan,6.55
USW00053152,581400,nan,5.0
USW00053152,581632,nan,5.4
USW00053152,581856,nan,4.3
USW00053152,582068,nan,7.8999999999999995
USW00053152,582286,nan,5.3
USW00053152,582510,nan,4.9
USW00053152,582740,nan,4.949999999999999
USW00053152,582971,nan,6.8
USW00053152,583189,nan,5.45
USW00053152,583408,nan,7.65
USW00053152,583624,nan,9.2
USW00053152,583854,nan,7.05
USW00053152,584079,nan,7.8500000000000005
USW00053152,584304,nan,10.0
USW00053152,584505,nan,5.95
USW00053152,584715,nan,6.75
USW00053152,584899,nan,9.9
USW00053152,585085,nan,13.7
USW00053152,585287,nan,12.5
USW00053152,585510,nan,6.35
USW00053152,585726,nan,7.75
USW00053152,585933,nan,11.85
USW00053152,586159,nan,4.5
USW00053152,586387,nan,5.45
USW00053152,586630,nan,5.1
USW00053152,586852,nan,8.75
USW00053152,587061,nan,8.6
USW00053152,587276,nan,8.75
USW00053152,587511,nan,6.6
USW00053152,587738,nan,6.15
USW00053152,587945,nan,11.65
USW00053152,588123,nan,8.95
USW00053152,588294,nan,5.35
USW00053152,588481,nan,4.85
USW00053152,588712,nan,11.8
USW00053175,589270,nan,14.700000000000001
USW00053175,589426,nan,16.7
USW00053175,589502,nan,17.25
USW00053175,589601,nan,21.1
USW00053175,589621,nan,16.95
USW00053175,589677,nan,21.1
USW00053175,589692,nan,16.4
USW00053175,589772,nan,15.55
USW00053175,589818,nan,15.85
USW00053175,589905,nan,19.700000000000003
USW00053175,589907,nan,21.1
USW00053175,589930,nan,21.15
USW00053175,590051,nan,16.4
USW00053175,590244,nan,17.75
USW00053175,590389,nan,18.35
USW00053175,590518,nan,20.25
USW00053175,591005,nan,18.6
USW00053175,591163,nan,18.65
USW00053175,591285,nan,19.75
USW00053175,591316,nan,20.3
USW00053175,591834,nan,21.1
USW00053175,592398,nan,18.049999999999997
USW00053175,592521,nan,20.6
USW00053175,592657,nan,23.049999999999997
USW00053175,593039,nan,21.35
USW00053175,593063,nan,22.7
USW00053175,593290,nan,20.549999999999997
USW00053175,593430,nan,24.75
USW00053175,595149,nan,23.9
USW00053175,595287,nan,23.05
USW00053175,595551,nan,22.5
USW00053175,595575,nan,25.25
USW00053175,595963,nan,24.700000000000003
USW00053175,596620,nan,19.2
USW00053175,596740,nan,20.0
USW00053175,596831,nan,22.5
USW00053175,596955,nan,19.4
USW00053175,596983,nan,18.9
USW00053175,597028,nan,20.6
USW00053175,597153,nan,19.7
USW00053175,597401,nan,21.15
USW00093104,601117,nan,33.599999999999994
USW00093104,601209,nan,33.05
USW00093104,603496,nan,23.1
USW00093104,603613,nan,25.85
USW00093104,603789,nan,25.85
USW00093104,603970,nan,40.5
USW00093104,604068,nan,40.5
USW00093104,604240,nan,38.2
USW00093104,604548,nan,36.3
USW00093104,605715,nan,20.45
USW00093104,605805,nan,7.5
USW00093104,606005,nan,18.450000000000003
USW00093104,606051,nan,15.2
USW00093104,606422,nan,2.5
USW00093104,606581,nan,13.350000000000001
USW00093104,606642,nan,3.9
USW00093104,606682,nan,13.899999999999999
USW00093104,606684,nan,10.0
USW00093104,606692,nan,1.15
USW00093107,608479,nan,18.35
USW00093107,611431,nan,21.95
USW00093107,611728,nan,18.6
USW00093107,614158,nan,17.8
USW00093107,614160,nan,18.05
USW00093107,614166,nan,24.15
USW00093107,614178,nan,18.9
USW00093107,614899,nan,15.55
USW00093107,615033,nan,15.0
USW00093107,615613,nan,24.200000000000003
USW00093116,662574,nan,31.4
USW00093117,664879,nan,10.3
USW00093117,665041,nan,11.55
USW00093117,665960,nan,15.25
USW00093117,666831,nan,13.3
USW00093117,667100,nan,11.1
USW00093117,667199,nan,11.95
USW00093117,667360,nan,13.850000000000001
USW00093117,667533,nan,15.3
USW00093117,667537,nan,15.3
USW00093117,667613,nan,15.0
USW00093117,667846,nan,15.3
USW00093117,668096,nan,15.8
USW00093117,668343,nan,14.45
USW00093117,670027,nan,17.8
USW00093117,670035,nan,18.049999999999997
USW00093117,670411,nan,20.55
USW00093117,670499,nan,21.950000000000003
USW00093117,670538,nan,20.6
USW00093117,670817,nan,18.85
USW00093117,670862,nan,22.25
USW00093117,671075,nan,18.6
USW00093117,671452,nan,18.85
USW00093117,671490,nan,20.85
USW00093117,671743,nan,17.799999999999997
USW00093121,675051,nan,9.45
USW00093121,675486,nan,7.2
USW00093121,676707,nan,35.3
USW00093121,677275,nan,21.65
USW00093121,678265,nan,43.05
USW00093121,678955,nan,28.9
USW00093121,680709,nan,24.2
USW00093121,681057,nan,18.35
USW00093134,685095,nan,15.0
USW00093134,688960,nan,18.9
USW00093134,690421,nan,19.75
USW00093138,695906,nan,36.1
USW00093138,696267,nan,31.95
USW00093138,696290,nan,23.9
USW00093138,696293,nan,29.45
USW00093184,714120,nan,20.0
USW00093201,740382,nan,-3.0
USW00093201,741237,nan,-3.0
USW00093201,742054,nan,4.0
USW00093201,742729,nan,-8.0
USW00093201,745970,nan,19.0
USW00093201,746165,nan,6.5
USW00093201,746564,nan,13.0
USW00093201,747773,nan,16.0
USW00093201,747813,nan,12.0
USW00093201,748206,nan,12.5
USW00093201,748969,nan,7.0
USW00093201,750170,nan,9.0
USW00093201,751471,nan,2.0
USW00093201,751585,nan,-1.5
USW00093201,751899,nan,-3.5
USW00093201,752685,nan,-6.0
USW00093201,752836,nan,-6.5
USW00093203,754487,nan,15.0
USW00093203,755451,nan,9.0
USW00093203,757519,nan,34.5
USW00093203,757762,nan,35.0
USW00093203,757841,nan,23.5
USW00093203,759704,nan,19.5
USW00093203,760798,nan,23.5
USW00093203,761594,nan,32.5
USW00093203,764315,nan,13.0
USW00093205,765089,nan,13.9
USW00093205,769159,nan,27.2
USW00093205,769304,nan,29.45
USW00093205,769761,nan,26.95
USW00093205,770509,nan,28.3
USW00093205,771437,nan,21.1
USW00093205,772306,nan,21.9
USW00093206,774752,nan,10.0
USW00093206,780941,nan,21.4
USW00093210,794344,nan,12.75
USW00093210,798374,nan,30.549999999999997
USW00093210,800762,nan,25.85
USW00093214,804090,nan,11.7
USW00093214,810993,nan,19.0
USW00093214,811999,nan,11.5
USW00093214,812075,nan,12.3
USW00093214,812085,nan,15.5
USW00093216,815477,nan,8.0
USW00093216,816646,nan,14.25
USW00093216,820167,nan,27.35
USW00093216,820317,nan,20.75
USW00093216,820320,nan,16.45
USW00093225,825763,nan,11.1
USW00093225,825862,nan,10.85
USW00093225,825883,nan,12.9
USW00093225,825887,nan,12.8
USW00093225,826017,nan,6.15
USW00093225,826382,nan,2.5
USW00093225,826530,nan,10.85
USW00093225,827785,nan,8.05
USW00093225,828655,nan,15.3
USW00093225,829299,nan,28.85
USW00093225,831569,nan,17.5
USW00093225,833223,nan,8.05
USW00093225,833225,nan,7.5
USW00093225,834058,nan,2.25
USW00093225,834134,nan,3.3499999999999996
USW00093227,834948,nan,6.65
USW00093227,844289,nan,12.1
USW00093228,851718,nan,18.55
USW00093228,851856,nan,19.7
USW00093228,852774,nan,21.4
USW00093231,865734,nan,8.0
USW00093231,870713,nan,18.0
USW00093231,870987,nan,20.0
USW00093231,873137,nan,11.0
USW00093241,881328,nan,19.200000000000003
USW00093242,895298,nan,33.1
USW00093242,897441,nan,21.35
USW00093243,899103,nan,4.1
USW00093243,899316,nan,4.75
USW00093243,899529,nan,4.2
USW00093243,899726,nan,1.8
USW00093243,899948,nan,9.25
USW00093243,900155,nan,7.9
USW00093243,900380,nan,0.15000000000000002
USW00093243,900509,nan,5.05
USW00093243,900652,nan,4.9
USW00093243,900796,nan,3.65
USW00093243,901000,nan,1.5499999999999998
USW00093243,901219,nan,1.6
USW00093243,901443,nan,1.4
USW00093243,901633,nan,3.5999999999999996
USW00093243,901834,nan,1.6
USW00093243,902044,nan,4.45
USW00093243,902260,nan,4.05
USW00093243,902416,nan,2.4
USW00093243,902534,nan,5.85
USW00093243,902619,nan,5.75
USW00093243,902743,nan,5.2
USW00093243,902924,nan,12.0
USW00093243,903086,nan,7.75
USW00093243,903274,nan,7.7
USW00093243,903489,nan,3.6
USW00093243,903668,nan,10.15
USW00093243,903855,nan,6.55
USW00093243,904079,nan,6.9
USW00093243,904295,nan,6.15
USW00093243,904490,nan,5.25
USW00093243,904694,nan,7.199999999999999
USW00093243,904894,nan,5.25
USW00093243,905098,nan,4.15
USW00093243,905307,nan,1.65
USW00093243,905494,nan,2.45
USW00093243,905707,nan,1.4
USW00093243,905929,nan,3.2
USW00093243,906129,nan,3.0
USW00093243,906330,nan,3.65
USW00093243,906559,nan,10.05
USW00093243,906732,nan,7.85
USW00093243,906934,nan,1.2999999999999998
USW00093243,907023,nan,5.75
USW00093243,907166,nan,3.9
USW00093243,907380,nan,4.25
USW00093243,907600,nan,3.1
USW00093243,907812,nan,6.75
USW00093243,908029,nan,8.6
USW00093243,908118,nan,10.45
USW00093243,908252,nan,7.65
USW00093243,908472,nan,6.6
USW00093243,908680,nan,6.449999999999999
USW00093243,908691,nan,4.3
USW00093243,908916,nan,5.75
USW00093243,909144,nan,6.3
USW00093243,909358,nan,14.600000000000001
USW00093243,909584,nan,8.15
USW00093243,909797,nan,5.8
USW00093243,910014,nan,4.7
USW00093243,910236,nan,7.55
USW00093243,910455,nan,8.399999999999999
USW00093243,910675,nan,8.2
USW00093243,910895,nan,13.399999999999999
USW00093243,911124,nan,7.1
USW00093243,911310,nan,8.399999999999999
USW00093243,911512,nan,3.5
USW00093243,911730,nan,5.5
USW00093243,911929,nan,11.8
USW00093243,911960,nan,9.4
USW00093243,912174,nan,9.3
USW00093243,912380,nan,8.649999999999999
USW00093243,912559,nan,6.9
USW00093243,912746,nan,8.0
USW00093243,912937,nan,8.4
USW00093243,913127,nan,11.95
USW00093243,913341,nan,8.5
USW00093243,913553,nan,9.8
USW00093243,913754,nan,11.8
USW00093243,913933,nan,9.6
USW00093243,914082,nan,8.6
USW00093243,914219,nan,1.95
USW00093243,914399,nan,4.75
USW00093243,914590,nan,8.350000000000001
USW00093243,914771,nan,5.55
USW00093243,914987,nan,7.35
USW00093243,915195,nan,8.2
USW00093243,915414,nan,12.75
USW00093243,915609,nan,7.85
USW00093243,915794,nan,9.3
USW00093243,915999,nan,3.45
USW00093243,916211,nan,5.1
USW00093243,916426,nan,6.0
USW00093243,916624,nan,8.5
USW00093243,916816,nan,8.25
USW00093243,916885,nan,11.1
USW00093243,917037,nan,7.05
USW00093243,917256,nan,8.1
USW00093243,917470,nan,6.65
USW00093243,917686,nan,4.800000000000001
USW00093243,917907,nan,7.3
USW00093243,918134,nan,9.25
USW00093243,918300,nan,7.1
USW00093243,918496,nan,5.1
USW00093243,918710,nan,12.4
USW00093243,918887,nan,11.649999999999999
USW00093243,919037,nan,10.3
USW00093243,919262,nan,8.649999999999999
USW00093243,919480,nan,10.2
USW00093243,919684,nan,11.2
USW00093243,919895,nan,8.4
USW00093243,920106,nan,9.15
USW00093243,920119,nan,8.1
USW00093243,920344,nan,11.0
USW00093243,920562,nan,11.100000000000001
USW00093243,920766,nan,12.649999999999999
USW00093243,920971,nan,8.899999999999999
USW00093243,921192,nan,9.7
USW00093243,921396,nan,11.05
USW00093243,921614,nan,10.0
USW00093243,921844,nan,14.6
USW00093243,922070,nan,12.5
USW00093243,922305,nan,15.75
USW00093243,922540,nan,15.8
USW00093243,922777,nan,12.45
USW00093243,923010,nan,14.899999999999999
USW00093243,923237,nan,17.9
USW00093243,923457,nan,13.899999999999999
USW00093243,923693,nan,9.75
USW00093243,923934,nan,11.0
USW00093243,924148,nan,11.649999999999999
USW00093243,924369,nan,8.2
USW00093243,924608,nan,7.95
USW00093243,924829,nan,11.15
USW00093243,925056,nan,9.149999999999999
USW00093243,925280,nan,14.3
USW00093243,925507,nan,14.1
USW00093243,925737,nan,14.3
USW00093243,925964,nan,11.149999999999999
USW00093243,926192,nan,16.5
USW00093243,926400,nan,7.5
USW00093243,926612,nan,12.95
USW00093243,926835,nan,12.45
USW00093243,927053,nan,11.100000000000001
USW00093243,927290,nan,13.95
USW00093243,927488,nan,14.3
USW00093243,927705,nan,10.350000000000001
USW00093243,927936,nan,10.5
USW00093243,928168,nan,11.100000000000001
USW00093243,928396,nan,13.0
USW00093243,928624,nan,9.2
USW00093243,928841,nan,11.0
USW00093243,929076,nan,14.1
USW00093243,929294,nan,18.75
USW00093243,929516,nan,19.5
USW00093243,929744,nan,21.15
USW00093243,929974,nan,16.799999999999997
USW00093243,930195,nan,17.2
USW00093243,930421,nan,13.4
USW00093243,930627,nan,17.85
USW00093243,930822,nan,15.2
USW00093243,931045,nan,18.7
USW00093243,931274,nan,20.55
USW00093243,931499,nan,18.299999999999997
USW00093243,931721,nan,14.15
USW00093243,931965,nan,7.199999999999999
USW00093243,932193,nan,9.15
USW00093243,932412,nan,10.149999999999999
USW00093243,932645,nan,14.149999999999999
USW00093243,932880,nan,16.3
USW00093243,933119,nan,17.65
USW00093243,933345,nan,9.7
USW00093243,933575,nan,12.5
USW00093243,933801,nan,14.95
USW00093243,934022,nan,11.95
USW00093243,934263,nan,10.2
USW00093243,934481,nan,15.4
USW00093243,934705,nan,15.7
USW00093243,934924,nan,16.1
USW00093243,935155,nan,15.3
USW00093243,935386,nan,17.0
USW00093243,935607,nan,18.200000000000003
USW00093243,935826,nan,18.95
USW00093243,936041,nan,19.85
USW00093243,936269,nan,20.75
USW00093243,936493,nan,20.0
USW00093243,936728,nan,18.65
USW00093243,936935,nan,12.95
USW00093243,937152,nan,13.899999999999999
USW00093243,937383,nan,16.65
USW00093243,937625,nan,13.85
USW00093243,937859,nan,13.3
USW00093243,938082,nan,13.55
USW00093243,938310,nan,15.95
USW00093243,938543,nan,16.0
USW00093243,938783,nan,12.149999999999999
USW00093243,939014,nan,14.4
USW00093243,939235,nan,16.65
USW00093243,939470,nan,16.85
USW00093243,939697,nan,18.5
USW00093243,939926,nan,20.200000000000003
USW00093243,939934,nan,18.05
USW00093243,940153,nan,20.75
USW00093243,940390,nan,17.75
USW00093243,940624,nan,15.4
USW00093243,940844,nan,17.9
USW00093243,941067,nan,16.45
USW00093243,941295,nan,18.200000000000003
USW00093243,941508,nan,18.25
USW00093243,941736,nan,16.8
USW00093243,941955,nan,17.1
USW00093243,942184,nan,14.75
USW00093243,942411,nan,14.3
USW00093243,942634,nan,16.25
USW00093243,942860,nan,15.55
USW00093243,943083,nan,17.25
USW00093243,943301,nan,18.1
USW00093243,943539,nan,16.9
USW00093243,943761,nan,18.6
USW00093243,943989,nan,17.3
USW00093243,944213,nan,17.1
USW00093243,944444,nan,17.700000000000003
USW00093243,944671,nan,17.7
USW00093243,944912,nan,16.450000000000003
USW00093243,945143,nan,16.9
USW00093243,945375,nan,17.4
USW00093243,945609,nan,13.649999999999999
USW00093243,945829,nan,18.75
USW00093243,946056,nan,17.75
USW00093243,946275,nan,18.75
USW00093243,946504,nan,19.15
USW00093243,946733,nan,17.65
USW00093243,946949,nan,17.0
USW00093243,947160,nan,18.200000000000003
USW00093243,947367,nan,21.200000000000003
USW00093243,947575,nan,22.55
USW00093243,947784,nan,22.4
USW00093243,948014,nan,24.35
USW00093243,948234,nan,25.7
USW00093243,948455,nan,23.0
USW00093243,948692,nan,20.75
USW00093243,948905,nan,19.5
USW00093243,949124,nan,18.25
USW00093243,949342,nan,19.65
USW00093243,949566,nan,22.200000000000003
USW00093243,949785,nan,21.549999999999997
USW00093243,949993,nan,20.049999999999997
USW00093243,950220,nan,16.0
USW00093243,950450,nan,15.95
USW00093243,950674,nan,17.6
USW00093243,950907,nan,15.850000000000001
USW00093243,951122,nan,17.7
USW00093243,951342,nan,16.0
USW00093243,951566,nan,15.0
USW00093243,951775,nan,14.850000000000001
USW00093243,951989,nan,15.3
USW00093243,952209,nan,18.799999999999997
USW00093243,952385,nan,21.25
USW00093243,952622,nan,21.15
USW00093243,952843,nan,19.799999999999997
USW00093243,953059,nan,14.2
USW00093243,953277,nan,11.85
USW00093243,953493,nan,14.55
USW00093243,953720,nan,15.600000000000001
USW00093243,953943,nan,14.7
USW00093243,954161,nan,15.55
USW00093243,954383,nan,14.55
USW00093243,954616,nan,14.8
USW00093243,954829,nan,20.5
USW00093243,955039,nan,14.2
USW00093243,955267,nan,15.0
USW00093243,955502,nan,14.9
USW00093243,955734,nan,13.3
USW00093243,955959,nan,13.55
USW00093243,956176,nan,15.35
USW00093243,956401,nan,13.649999999999999
USW00093243,956626,nan,14.1
USW00093243,956833,nan,20.15
USW00093243,957054,nan,17.45
USW00093243,957277,nan,15.950000000000001
USW00093243,957502,nan,17.299999999999997
USW00093243,957734,nan,16.549999999999997
USW00093243,957962,nan,16.65
USW00093243,958193,nan,15.95
USW00093243,958414,nan,14.45
USW00093243,958650,nan,14.649999999999999
USW00093243,958879,nan,15.149999999999999
USW00093243,959105,nan,18.3
USW00093243,959346,nan,13.75
USW00093243,959555,nan,11.5
USW00093243,959773,nan,11.2
USW00093243,959994,nan,14.649999999999999
USW00093243,960210,nan,10.850000000000001
USW00093243,960428,nan,11.85
USW00093243,960647,nan,13.45
USW00093243,960872,nan,15.55
USW00093243,961099,nan,13.649999999999999
USW00093243,961322,nan,13.45
USW00093243,961513,nan,18.6
USW00093243,961545,nan,13.8
USW00093243,961776,nan,12.1
USW00093243,962012,nan,14.7
USW00093243,962235,nan,14.35
USW00093243,962467,nan,14.5
USW00093243,962690,nan,14.2
USW00093243,962914,nan,9.899999999999999
USW00093243,963139,nan,10.55
USW00093243,963347,nan,14.1
USW00093243,963550,nan,4.15
USW00093243,963970,nan,6.1
USW00093243,964200,nan,7.75
USW00093243,964428,nan,7.15
USW00093243,964645,nan,8.3
USW00093243,964707,nan,6.050000000000001
USW00093243,964872,nan,8.3
USW00093243,965105,nan,8.75
USW00093243,965335,nan,8.7
USW00093243,965561,nan,10.7
USW00093243,965778,nan,8.3
USW00093243,965977,nan,6.3
USW00093243,966202,nan,0.5
USW00093243,966432,nan,-0.9
USW00093243,966652,nan,3.1
USW00093243,966851,nan,5.550000000000001
USW00093243,966931,nan,5.65
USW00093243,967074,nan,1.25
USW00093243,967283,nan,7.800000000000001
USW00093243,967511,nan,3.45
USW00093243,967675,nan,3.35
USW00093243,967891,nan,6.0
USW00093243,968097,nan,13.149999999999999
USW00093243,968259,nan,10.6
USW00093243,968477,nan,5.050000000000001
USW00093243,968696,nan,3.8
USW00093243,968913,nan,1.5
USW00093243,968998,nan,5.1
USW00093243,969132,nan,4.9
USW00093243,969346,nan,4.05
USW00093243,969571,nan,2.5
USW00093243,969806,nan,6.35
USW00093243,970010,nan,-0.15000000000000002
USW00093243,970226,nan,2.55
USW00093243,970453,nan,0.1
USW00093243,970674,nan,0.3
USW00093243,970909,nan,2.35
USW00093243,971136,nan,1.2000000000000002
USW00093243,971351,nan,1.3
USW00093243,971571,nan,4.15
USW00093243,971790,nan,2.8
USW00093243,972007,nan,5.449999999999999
USW00093243,972232,nan,4.550000000000001
USW00093243,972472,nan,2.25
USW00093243,972708,nan,3.9
USW00093243,972935,nan,4.0
USW00093243,973150,nan,0.2
USW00093243,973327,nan,8.75
USW00093243,973428,nan,10.1
USW00093243,973541,nan,8.7
USW00093243,973630,nan,9.05
USW00093243,973753,nan,2.4
USW00093243,973966,nan,-0.35
USW00093243,974163,nan,8.75
USW00093243,974359,nan,5.65
USW00093243,974570,nan,1.0
USW00093243,974758,nan,0.8
USW00093243,974876,nan,8.45
USW00093243,974944,nan,4.1
USW00093243,975054,nan,4.15
USW00093243,975211,nan,1.9500000000000002
USW00093243,975349,nan,0.9
USW00093243,975501,nan,3.8499999999999996
USW00093243,975674,nan,11.350000000000001
USW00093243,975889,nan,4.1
USW00093243,976095,nan,6.949999999999999
USW00093243,976265,nan,3.8499999999999996
USW00093243,976483,nan,0.30000000000000004
USW00093243,976700,nan,6.3
USW00093245,993875,nan,11.25
USW00093245,993957,nan,11.6
USW00093245,994052,nan,8.100000000000001
USW00093245,994233,nan,9.9
USW00093245,994359,nan,10.5
USW00093245,994512,nan,9.05
USW00093245,994709,nan,7.6
USW00093245,994859,nan,11.149999999999999
USW00093245,994998,nan,8.95
USW00093245,995149,nan,8.149999999999999
USW00093245,995304,nan,11.350000000000001
USW00093245,995437,nan,7.9
USW00093245,995561,nan,9.6
USW00093245,995711,nan,9.5
USW00093245,995836,nan,5.55
USW00093245,995966,nan,10.6
USW00093245,996112,nan,7.699999999999999
USW00093245,996280,nan,7.4
USW00093245,996435,nan,7.85
USW00093245,996580,nan,9.6
USW00093245,996740,nan,10.15
USW00093245,996839,nan,10.4
USW00093245,996999,nan,8.55
USW00093245,997156,nan,10.149999999999999
USW00093245,997276,nan,12.05
USW00093245,997363,nan,12.3
USW00093245,997472,nan,10.25
USW00093245,997620,nan,11.05
USW00093245,997720,nan,10.3
USW00093245,997858,nan,11.95
USW00093245,997951,nan,10.1
USW00093245,998112,nan,9.649999999999999
USW00093245,998233,nan,11.45
USW00093245,998345,nan,7.15
USW00093245,998496,nan,8.45
USW00093245,998671,nan,5.1
USW00093245,998834,nan,7.6
USW00093245,999013,nan,7.9
USW00093245,999158,nan,9.7
USW00093245,999274,nan,8.9
USW00093245,999464,nan,11.3
USW00093245,999659,nan,8.55
USW00093245,999854,nan,7.300000000000001
USW00093245,1000038,nan,9.1
USW00093245,1000135,nan,9.5
USW00093245,1000252,nan,7.4
USW00093245,1000400,nan,10.1
USW00093245,1000490,nan,9.8
USW00093245,1000661,nan,8.2
USW00093245,1000830,nan,9.3
USW00093245,1001019,nan,7.199999999999999
USW00093245,1001188,nan,9.2
USW00093245,1001345,nan,8.9
USW00093245,1001491,nan,9.6
USW00093245,1001593,nan,9.4
USW00093245,1001750,nan,8.899999999999999
USW00093245,1001942,nan,9.85
USW00093245,1002145,nan,8.649999999999999
USW00093245,1002292,nan,8.3
USW00093245,1002408,nan,9.8
USW00093245,1002507,nan,8.45
USW00093245,1002688,nan,10.3
USW00093245,1002833,nan,9.8
USW00093245,1003006,nan,8.850000000000001
USW00093245,1003184,nan,10.9
USW00093245,1003274,nan,10.75
USW00093245,1003374,nan,9.8
USW00093245,1003520,nan,7.449999999999999
USW00093245,1003676,nan,9.5
USW00093245,1003850,nan,8.55
USW00093245,1004039,nan,10.2
USW00093245,1004206,nan,9.850000000000001
USW00093245,1004336,nan,8.899999999999999
USW00093245,1004456,nan,10.149999999999999
USW00093245,1004564,nan,10.0
USW00093245,1004716,nan,7.25
USW00093245,1004880,nan,6.9
USW00093245,1005032,nan,8.8
USW00093245,1005175,nan,9.5
USW00093245,1005360,nan,6.55
USW00093245,1005545,nan,7.95
USW00093245,1005735,nan,9.1
USW00093245,1005919,nan,11.5
USW00093245,1006048,nan,10.55
USW00093245,1006199,nan,7.0
USW00093245,1006352,nan,8.2
USW00093245,1006514,nan,8.7
USW00093245,1006649,nan,9.8
USW00093245,1006784,nan,10.45
USW00093245,1006921,nan,11.0
USW00093245,1007055,nan,11.8
USW00093245,1007177,nan,10.1
USW00093245,1007287,nan,9.1
USW00093245,1007426,nan,8.850000000000001
USW00093245,1007532,nan,8.8
USW00093245,1007653,nan,10.05
USW00093245,1007793,nan,7.2
USW00093245,1007979,nan,6.05
USW00093245,1008137,nan,9.8
USW00093245,1008267,nan,10.350000000000001
USW00093245,1008394,nan,11.25
USW00093245,1008525,nan,10.350000000000001
USW00093245,1008615,nan,9.9
USW00093245,1008722,nan,10.3
USW00093245,1008890,nan,8.65
USW00093245,1009079,nan,8.8
USW00093245,1009238,nan,11.45
USW00093245,1009355,nan,10.649999999999999
USW00093245,1009455,nan,12.1
USW00093245,1009599,nan,10.95
USW00093245,1009740,nan,11.350000000000001
USW00093245,1009863,nan,10.649999999999999
USW00093245,1009977,nan,10.7
USW00093245,1010089,nan,11.05
USW00093245,1010221,nan,10.5
USW00093245,1010338,nan,10.45
USW00093245,1010466,nan,9.649999999999999
USW00093245,1010604,nan,9.95
USW00093245,1010752,nan,10.649999999999999
USW00093245,1010869,nan,10.5
USW00093245,1010996,nan,10.5
USW00093245,1011140,nan,9.149999999999999
USW00093245,1011294,nan,10.9
USW00093245,1011426,nan,9.0
USW00093245,1011572,nan,9.149999999999999
USW00093245,1011754,nan,9.5
USW00093245,1011917,nan,10.3
USW00093245,1012059,nan,9.5
USW00093245,1012232,nan,9.7
USW00093245,1012389,nan,9.05
USW00093245,1012527,nan,10.5
USW00093245,1012648,nan,12.05
USW00093245,1012756,nan,11.350000000000001
USW00093245,1012901,nan,10.649999999999999
USW00093245,1013047,nan,12.25
USW00093245,1013184,nan,11.2
USW00093245,1013331,nan,12.05
USW00093245,1013468,nan,12.95
USW00093245,1013594,nan,12.8
USW00093245,1013755,nan,12.0
USW00093245,1013908,nan,11.7
USW00093245,1014043,nan,10.7
USW00093245,1014197,nan,10.649999999999999
USW00093245,1014329,nan,9.850000000000001
USW00093245,1014492,nan,9.850000000000001
USW00093245,1014673,nan,10.9
USW00093245,1014851,nan,10.2
USW00093245,1015028,nan,11.6
USW00093245,1015183,nan,10.5
USW00093245,1015316,nan,11.149999999999999
USW00093245,1015432,nan,13.4
USW00093245,1015582,nan,12.8
USW00093245,1015723,nan,11.649999999999999
USW00093245,1015893,nan,12.1
USW00093245,1016084,nan,11.55
USW00093245,1016264,nan,12.05
USW00093245,1016421,nan,11.0
USW00093245,1016561,nan,10.649999999999999
USW00093245,1016705,nan,10.25
USW00093245,1016857,nan,10.1
USW00093245,1017026,nan,10.25
USW00093245,1017214,nan,10.8
USW00093245,1017370,nan,11.3
USW00093245,1017535,nan,10.850000000000001
USW00093245,1017693,nan,10.850000000000001
USW00093245,1017851,nan,12.6
USW00093245,1018010,nan,11.75
USW00093245,1018154,nan,11.649999999999999
USW00093245,1018284,nan,10.4
USW00093245,1018474,nan,10.05
USW00093245,1018660,nan,10.75
USW00093245,1018790,nan,11.4
USW00093245,1018916,nan,12.149999999999999
USW00093245,1019048,nan,11.0
USW00093245,1019203,nan,12.1
USW00093245,1019339,nan,11.9
USW00093245,1019478,nan,12.2
USW00093245,1019622,nan,11.8
USW00093245,1019765,nan,10.75
USW00093245,1019897,nan,12.3
USW00093245,1020023,nan,10.9
USW00093245,1020208,nan,11.7
USW00093245,1020380,nan,11.149999999999999
USW00093245,1020552,nan,11.8
USW00093245,1020685,nan,12.0
USW00093245,1020821,nan,12.25
USW00093245,1020989,nan,12.149999999999999
USW00093245,1021131,nan,10.8
USW00093245,1021254,nan,10.8
USW00093245,1021395,nan,10.3
USW00093245,1021556,nan,10.55
USW00093245,1021731,nan,10.0
USW00093245,1021770,nan,12.399999999999999
USW00093245,1021881,nan,10.4
USW00093245,1022057,nan,10.4
USW00093245,1022237,nan,11.05
USW00093245,1022383,nan,10.850000000000001
USW00093245,1022531,nan,11.25
USW00093245,1022657,nan,12.8
USW00093245,1022794,nan,10.8
USW00093245,1022917,nan,13.05
USW00093245,1023042,nan,13.149999999999999
USW00093245,1023182,nan,12.6
USW00093245,1023298,nan,12.9
USW00093245,1023434,nan,12.75
USW00093245,1023582,nan,12.8
USW00093245,1023711,nan,13.55
USW00093245,1023838,nan,12.4
USW00093245,1023971,nan,12.45
USW00093245,1024102,nan,11.8
USW00093245,1024227,nan,12.25
USW00093245,1024366,nan,12.3
USW00093245,1024495,nan,12.55
USW00093245,1024619,nan,12.8
USW00093245,1024748,nan,12.850000000000001
USW00093245,1024882,nan,11.5
USW00093245,1024936,nan,12.7
USW00093245,1024938,nan,13.2
USW00093245,1025033,nan,11.7
USW00093245,1025173,nan,11.95
USW00093245,1025318,nan,11.8
USW00093245,1025463,nan,11.149999999999999
USW00093245,1025635,nan,11.45
USW00093245,1025803,nan,11.45
USW00093245,1025944,nan,12.6
USW00093245,1026069,nan,13.1
USW00093245,1026175,nan,13.6
USW00093245,1026297,nan,12.9
USW00093245,1026446,nan,12.0
USW00093245,1026626,nan,13.1
USW00093245,1026806,nan,15.4
USW00093245,1026984,nan,15.649999999999999
USW00093245,1027152,nan,14.3
USW00093245,1027292,nan,13.5
USW00093245,1027461,nan,12.9
USW00093245,1027617,nan,11.05
USW00093245,1027774,nan,12.4
USW00093245,1027925,nan,12.4
USW00093245,1027974,nan,12.55
USW00093245,1028087,nan,12.1
USW00093245,1028134,nan,13.149999999999999
USW00093245,1028221,nan,11.05
USW00093245,1028364,nan,12.9
USW00093245,1028491,nan,11.9
USW00093245,1028596,nan,11.7
USW00093245,1028715,nan,10.149999999999999
USW00093245,1028833,nan,11.05
USW00093245,1028950,nan,12.4
USW00093245,1029075,nan,12.6
USW00093245,1029187,nan,13.75
USW00093245,1029280,nan,14.2
USW00093245,1029383,nan,13.6
USW00093245,1029506,nan,13.45
USW00093245,1029652,nan,12.15
USW00093245,1029828,nan,14.350000000000001
USW00093245,1029992,nan,14.05
USW00093245,1030158,nan,13.25
USW00093245,1030200,nan,14.8
USW00093245,1030304,nan,13.9
USW00093245,1030451,nan,13.649999999999999
USW00093245,1030606,nan,12.9
USW00093245,1030777,nan,12.75
USW00093245,1031009,nan,18.55
USW00093245,1031201,nan,11.45
USW00093245,1031312,nan,13.5
USW00093245,1031444,nan,12.75
USW00093245,1031651,nan,11.649999999999999
USW00093245,1031817,nan,11.55
USW00093245,1031964,nan,11.9
USW00093245,1032097,nan,11.850000000000001
USW00093245,1032230,nan,10.4
USW00093245,1032343,nan,11.5
USW00093245,1032490,nan,13.15
USW00093245,1032624,nan,12.95
USW00093245,1032767,nan,13.0
USW00093245,1032901,nan,13.45
USW00093245,1033063,nan,12.9
USW00093245,1033241,nan,11.55
USW00093245,1033413,nan,13.6
USW00093245,1033576,nan,12.649999999999999
USW00093245,1033811,nan,15.65
USW00093245,1034040,nan,12.100000000000001
USW00093245,1034264,nan,12.15
USW00093245,1034454,nan,10.850000000000001
USW00093245,1034614,nan,10.9
USW00093245,1034807,nan,10.7
USW00093245,1034993,nan,11.45
USW00093245,1035131,nan,12.4
USW00093245,1035263,nan,11.6
USW00093245,1035396,nan,12.2
USW00093245,1035547,nan,13.600000000000001
USW00093245,1035759,nan,12.8
USW00093245,1035968,nan,9.75
USW00093245,1036179,nan,10.95
USW00093245,1036250,nan,11.9
USW00093245,1036331,nan,10.6
USW00093245,1036485,nan,8.4
USW00093245,1036646,nan,9.75
USW00093245,1036705,nan,16.15
USW00093245,1036806,nan,9.25
USW00093245,1036979,nan,10.9
USW00093245,1037115,nan,12.2
USW00093245,1037300,nan,11.75
USW00093245,1037485,nan,14.0
USW00093245,1037635,nan,9.850000000000001
USW00093245,1037779,nan,10.7
USW00093245,1037910,nan,7.65
USW00093245,1038119,nan,6.75
USW00093245,1038309,nan,7.9
USW00093245,1038454,nan,6.75
USW00093245,1038626,nan,9.45
USW00093245,1038754,nan,9.15
USW00093245,1038931,nan,6.75
USW00093245,1039104,nan,9.95
USW00093245,1039289,nan,14.15
USW00093245,1039382,nan,12.649999999999999
USW00093245,1039511,nan,9.600000000000001
USW00093245,1039688,nan,7.6
USW00093245,1039893,nan,6.75
USW00093245,1040075,nan,9.45
USW00093245,1040231,nan,11.0
USW00093245,1040345,nan,9.55
USW00093245,1040489,nan,10.6
USW00093245,1040603,nan,10.100000000000001
USW00093245,1040805,nan,8.65
USW00093245,1041001,nan,7.65
USW00093245,1041177,nan,5.15
USW00093245,1041358,nan,8.35
USW00093245,1041528,nan,9.95
USW00093245,1041694,nan,6.6
USW00093245,1041868,nan,8.7
USW00093245,1042056,nan,8.350000000000001
USW00093245,1042248,nan,8.15
USW00093245,1042431,nan,9.899999999999999
USW00093245,1042578,nan,9.5
USW00093245,1042807,nan,10.75
USW00093245,1043007,nan,7.65
USW00093245,1043193,nan,7.4
USW00093245,1043332,nan,9.6
USW00093245,1043476,nan,8.95
USW00093245,1043614,nan,10.95
USW00093245,1043723,nan,9.5
USW00093245,1043861,nan,9.1
USW00093245,1044027,nan,10.1
USW00093245,1044143,nan,11.45
USW00093245,1044253,nan,8.4
USW00093245,1044452,nan,5.800000000000001
USW00093245,1044636,nan,6.8
USW00093245,1044823,nan,8.8
USW00093245,1044993,nan,11.1
USW00093245,1045152,nan,6.35
USW00093245,1045344,nan,6.85
USW00093245,1045487,nan,11.0
USW00093245,1045600,nan,11.350000000000001
USW00093245,1045733,nan,6.55
USW00093245,1045915,nan,9.45
USW00093245,1046085,nan,6.6
USW00093245,1046296,nan,7.35
USW00093245,1046457,nan,10.350000000000001
USW00094299,1046712,nan,-4.4
USW00094299,1052988,nan,23.35
