Station_ID,Index,Original_Temperature,Filled_Temperature
USW00023224,12637,nan,13.0
USW00023224,12640,nan,11.5
USW00023224,13322,nan,0.5
USW00023224,14222,nan,10.5
USW00023225,15265,nan,-0.2
USW00023230,27331,nan,15.5
USW00023232,37337,nan,11.95
USW00023232,42205,nan,26.65
USW00023232,42408,nan,25.85
USW00023232,44705,nan,17.25
USW00023233,52757,nan,11.85
USW00023233,54443,nan,12.5
USW00023233,55426,nan,13.0
USW00023233,55491,nan,8.45
USW00023234,56318,nan,10.0
USW00023234,56320,nan,10.0
USW00023237,73296,nan,8.5
USW00023237,73380,nan,2.9
USW00023237,73382,nan,2.5
USW00023237,73384,nan,2.0
USW00023237,73488,nan,3.95
USW00023237,73498,nan,3.0
USW00023237,73514,nan,6.0
USW00023237,73516,nan,6.0
USW00023237,73556,nan,5.5
USW00023237,73558,nan,5.5
USW00023237,73561,nan,5.3
USW00023237,73648,nan,7.0
USW00023237,73650,nan,6.85
USW00023237,73652,nan,6.85
USW00023237,73655,nan,6.0
USW00023237,73657,nan,6.0
USW00023237,73659,nan,6.0
USW00023237,73661,nan,6.0
USW00023237,73688,nan,7.0
USW00023237,73698,nan,7.0
USW00023237,73710,nan,6.0
USW00023237,73712,nan,6.5
USW00023237,73857,nan,6.05
USW00023237,73861,nan,5.5
USW00023237,73863,nan,6.0
USW00023237,73865,nan,6.5
USW00023237,73867,nan,6.5
USW00023237,73869,nan,6.5
USW00023237,73912,nan,5.0
USW00023237,73916,nan,5.5
USW00023237,73919,nan,5.5
USW00023237,73921,nan,6.0
USW00023237,73923,nan,6.5
USW00023237,73959,nan,8.0
USW00023237,73961,nan,8.0
USW00023237,73963,nan,8.0
USW00023237,73965,nan,8.0
USW00023237,73967,nan,8.0
USW00023237,73969,nan,7.9
USW00023237,73972,nan,8.0
USW00023237,73974,nan,8.0
USW00023237,73977,nan,7.0
USW00023237,73979,nan,7.5
USW00023237,73981,nan,8.0
USW00023237,73983,nan,7.9
USW00023237,73985,nan,7.9
USW00023237,73988,nan,9.0
USW00023237,73991,nan,8.0
USW00023237,74510,nan,4.0
USW00023237,74512,nan,5.0
USW00023237,74514,nan,6.05
USW00023237,74550,nan,4.0
USW00023237,74552,nan,4.0
USW00023237,74560,nan,4.5
USW00023237,74564,nan,3.0
USW00023237,74566,nan,4.0
USW00023237,74568,nan,4.0
USW00023237,74570,nan,5.05
USW00023237,74572,nan,6.55
USW00023237,74603,nan,6.5
USW00023237,74607,nan,5.5
USW00023237,74610,nan,6.0
USW00023237,74612,nan,5.8
USW00023237,74614,nan,5.8
USW00023237,74616,nan,6.5
USW00023237,74618,nan,6.5
USW00023237,74620,nan,6.0
USW00023237,74622,nan,6.5
USW00023237,74668,nan,6.5
USW00023237,74704,nan,4.5
USW00023237,74706,nan,2.9
USW00023237,74709,nan,2.5
USW00023237,74711,nan,2.5
USW00023237,74714,nan,4.0
USW00023237,74716,nan,5.0
USW00023237,74718,nan,6.5
USW00023237,74720,nan,6.85
USW00023237,74722,nan,6.85
USW00023237,74724,nan,7.5
USW00023237,75330,nan,9.0
USW00023237,75333,nan,8.0
USW00023237,75336,nan,7.1
USW00023237,75339,nan,7.5
USW00023237,75341,nan,7.0
USW00023237,75343,nan,6.5
USW00023237,75345,nan,7.0
USW00023237,75347,nan,8.5
USW00023237,75382,nan,6.5
USW00023237,75384,nan,6.0
USW00023237,75386,nan,5.5
USW00023237,75388,nan,5.5
USW00023237,75390,nan,6.0
USW00023237,75392,nan,6.5
USW00023237,75394,nan,7.5
USW00023237,75396,nan,8.0
USW00023237,75398,nan,8.7
USW00023237,75539,nan,6.0
USW00023237,75541,nan,6.5
USW00023237,75543,nan,8.0
USW00023237,75545,nan,9.8
USW00023237,75574,nan,10.5
USW00023237,75577,nan,9.0
USW00023237,75580,nan,8.0
USW00023237,75582,nan,8.0
USW00023237,75584,nan,8.0
USW00023237,75595,nan,7.0
USW00023237,75597,nan,8.0
USW00023237,75599,nan,8.5
USW00023237,75601,nan,9.8
USW00023237,75603,nan,11.3
USW00023237,75605,nan,12.0
USW00023237,75785,nan,7.0
USW00023237,75931,nan,10.0
USW00023237,75933,nan,9.5
USW00023237,75935,nan,9.0
USW00023237,75937,nan,9.5
USW00023237,76208,nan,6.5
USW00023237,76210,nan,6.0
USW00023237,76522,nan,12.0
USW00023237,77029,nan,6.5
USW00023237,78163,nan,5.5
USW00023237,78165,nan,4.5
USW00023237,78208,nan,5.8
USW00023237,78210,nan,5.8
USW00023237,78220,nan,12.4
USW00023237,86369,nan,26.0
USW00023237,87360,nan,17.1
USW00023237,87703,nan,14.0
USW00023237,87720,nan,8.0
USW00023237,87722,nan,8.0
USW00023237,88032,nan,13.95
USW00023237,88256,nan,12.35
USW00023237,88447,nan,6.0
USW00023237,88556,nan,7.0
USW00023237,88942,nan,-2.0
USW00023237,88944,nan,-2.0
USW00023237,89034,nan,2.0
USW00023237,89037,nan,1.0
USW00023237,89040,nan,0.0
USW00023237,89175,nan,0.55
USW00023237,89178,nan,0.5
USW00023237,89180,nan,-0.5
USW00023237,89182,nan,-1.0
USW00023237,89184,nan,-1.0
USW00023237,89187,nan,1.0
USW00023237,89386,nan,8.0
USW00023237,89389,nan,9.0
USW00023237,89480,nan,5.0
USW00023237,89483,nan,6.0
USW00023237,89487,nan,4.5
USW00023237,89489,nan,5.5
USW00023237,89491,nan,6.5
USW00023237,89493,nan,7.4
USW00023237,89645,nan,16.0
USW00023237,89668,nan,12.0
USW00023237,89678,nan,11.5
USW00023237,89680,nan,12.0
USW00023237,89682,nan,12.65
USW00023237,89685,nan,13.0
USW00023237,89687,nan,13.0
USW00023237,89689,nan,12.5
USW00023237,89692,nan,13.0
USW00023237,89694,nan,13.0
USW00023237,89872,nan,8.0
USW00023237,89874,nan,8.0
USW00023237,89877,nan,6.85
USW00023237,89880,nan,7.0
USW00023237,89882,nan,7.0
USW00023237,89884,nan,6.5
USW00023237,89914,nan,4.0
USW00023237,89916,nan,3.95
USW00023237,89920,nan,3.5
USW00023237,89923,nan,2.5
USW00023237,89925,nan,2.0
USW00023237,89928,nan,2.5
USW00023237,89930,nan,2.0
USW00023237,89933,nan,1.35
USW00023237,89937,nan,3.0
USW00023237,89939,nan,2.5
USW00023237,89941,nan,2.5
USW00023237,89943,nan,2.5
USW00023237,89945,nan,2.0
USW00023237,89947,nan,2.65
USW00023237,89949,nan,3.65
USW00023237,89951,nan,4.5
USW00023237,89993,nan,8.0
USW00023237,89995,nan,8.0
USW00023237,89997,nan,8.15
USW00023237,89999,nan,8.65
USW00023237,90317,nan,5.0
USW00023237,90320,nan,4.0
USW00023237,90323,nan,5.0
USW00023237,90325,nan,5.5
USW00023237,90327,nan,6.0
USW00023237,90329,nan,6.0
USW00023237,90331,nan,6.6
USW00023237,90333,nan,8.1
USW00023237,90473,nan,8.15
USW00023243,93097,nan,17.0
USW00023243,93270,nan,14.0
USW00023243,93537,nan,12.0
USW00023243,93867,nan,15.0
USW00023243,93869,nan,13.0
USW00023243,94161,nan,3.0
USW00023243,94217,nan,18.5
USW00023243,95407,nan,7.0
USW00023243,95433,nan,20.0
USW00023243,95516,nan,15.5
USW00023243,95572,nan,14.5
USW00023243,95574,nan,13.5
USW00023243,95774,nan,11.0
USW00023243,95798,nan,16.0
USW00023243,95821,nan,5.5
USW00023243,95894,nan,18.5
USW00023243,96039,nan,17.0
USW00023243,96046,nan,15.0
USW00023243,96145,nan,13.5
USW00023243,96227,nan,14.0
USW00023243,96241,nan,11.0
USW00023243,96388,nan,14.0
USW00023243,96501,nan,19.5
USW00023243,96551,nan,14.0
USW00023243,96625,nan,15.5
USW00023243,96763,nan,19.0
USW00023243,96765,nan,19.5
USW00023243,96768,nan,20.5
USW00023243,96771,nan,20.5
USW00023243,96783,nan,15.5
USW00023243,102550,nan,18.5
USW00023244,115834,nan,-17.2
USW00023244,115870,nan,18.6
USW00023244,117461,nan,19.5
USW00023254,125638,nan,15.0
USW00023254,128555,nan,30.0
USW00023254,130999,nan,14.95
USW00023254,132340,nan,11.55
USW00023257,135838,nan,13.850000000000001
USW00023257,138533,nan,32.25
USW00023257,140803,nan,23.35
USW00023258,145669,nan,11.85
USW00023258,145876,nan,17.5
USW00023258,150795,nan,18.85
USW00023259,153529,nan,11.5
USW00023259,153571,nan,9.85
USW00023259,153662,nan,11.65
USW00023259,154895,nan,6.4
USW00023259,158467,nan,14.15
USW00023259,158555,nan,14.45
USW00023259,160914,nan,23.05
USW00023259,160935,nan,21.35
USW00023273,172618,nan,20.549999999999997
USW00023275,188926,nan,27.5
USW00023285,204978,nan,13.850000000000001
USW00023285,212844,nan,10.850000000000001
USW00023289,216430,nan,10.5
USW00023289,216708,nan,17.5
USW00023289,216745,nan,13.0
USW00023289,217634,nan,18.5
USW00023293,220169,nan,7.0
USW00023293,220193,nan,4.5
USW00023293,220743,nan,7.0
USW00024213,229806,nan,8.65
USW00024213,229809,nan,11.100000000000001
USW00024213,230096,nan,12.600000000000001
USW00024215,231978,nan,0.8
USW00024215,233344,nan,11.15
USW00024215,238894,nan,6.05
USW00024215,241482,nan,26.8
USW00024216,252920,nan,26.1
USW00024216,254608,nan,31.95
USW00024216,259355,nan,9.5
USW00024257,261365,nan,19.450000000000003
USW00024257,264044,nan,15.55
USW00024257,266923,nan,28.6
USW00024257,270316,nan,8.5
USW00024259,273820,nan,6.7
USW00024283,280931,nan,10.0
USW00024283,280934,nan,10.0
USW00024283,285381,nan,15.6
USW00024283,289185,nan,14.5
USW00024283,289929,nan,7.5
USW00024283,289938,nan,9.0
USW00024286,306493,nan,12.6
USW00053119,311925,nan,-17.2
USW00053119,312019,nan,18.6
USW00053119,314452,nan,19.15
USW00053119,314993,nan,29.75
USW00053120,320745,nan,5.3
USW00053120,329851,nan,16.25
USW00053120,329868,nan,17.7
USW00053121,332700,nan,15.0
USW00053121,335157,nan,14.7
USW00053121,335463,nan,13.95
USW00053121,339557,nan,14.45
USW00053121,339613,nan,15.95
USW00053121,339657,nan,17.2
USW00053121,339757,nan,14.5
USW00053121,339866,nan,11.399999999999999
USW00053130,342998,nan,23.0
USW00053130,343008,nan,20.5
USW00053130,343140,nan,15.0
USW00053130,343163,nan,14.5
USW00053130,343194,nan,9.5
USW00053130,343236,nan,14.0
USW00053130,343247,nan,17.5
USW00053130,343253,nan,12.0
USW00053130,343255,nan,14.5
USW00053130,343302,nan,16.5
USW00053130,343333,nan,11.5
USW00053130,343336,nan,13.5
USW00053130,343368,nan,15.0
USW00053130,343396,nan,16.0
USW00053130,343428,nan,12.0
USW00053130,343442,nan,15.5
USW00053130,343454,nan,18.0
USW00053130,343464,nan,14.5
USW00053130,343503,nan,21.5
USW00053130,343575,nan,16.0
USW00053130,343587,nan,20.0
USW00053130,343592,nan,17.5
USW00053130,343612,nan,21.0
USW00053130,343632,nan,12.5
USW00053130,343738,nan,11.0
USW00053130,343795,nan,22.5
USW00053130,343806,nan,23.5
USW00053130,343830,nan,25.5
USW00053130,343835,nan,21.0
USW00053130,343896,nan,24.5
USW00053130,343901,nan,19.5
USW00053130,343918,nan,21.0
USW00053130,343950,nan,27.0
USW00053130,344049,nan,22.0
USW00053130,344081,nan,12.0
USW00053130,344084,nan,13.5
USW00053130,344128,nan,17.0
USW00053130,344141,nan,23.0
USW00053130,344158,nan,24.0
USW00053130,344162,nan,22.5
USW00053130,344226,nan,22.5
USW00053130,344265,nan,15.5
USW00053130,344315,nan,21.0
USW00053130,344344,nan,23.0
USW00053130,344357,nan,21.5
USW00053130,344367,nan,22.0
USW00053130,344404,nan,15.5
USW00053130,344441,nan,22.0
USW00053130,344562,nan,20.5
USW00053130,344582,nan,17.5
USW00053130,344617,nan,25.5
USW00053130,344651,nan,18.5
USW00053130,344733,nan,21.5
USW00053130,344759,nan,20.5
USW00053130,344784,nan,23.0
USW00053130,344976,nan,20.5
USW00053130,345048,nan,21.0
USW00053130,345090,nan,26.5
USW00053130,345098,nan,24.0
USW00053130,345108,nan,23.5
USW00053130,345111,nan,27.0
USW00053130,345128,nan,25.5
USW00053130,345169,nan,30.0
USW00053130,345205,nan,21.5
USW00053130,345208,nan,26.5
USW00053130,345217,nan,24.0
USW00053130,345248,nan,19.5
USW00053130,345253,nan,24.5
USW00053130,345261,nan,17.0
USW00053130,345287,nan,24.0
USW00053130,345289,nan,28.0
USW00053130,345341,nan,27.5
USW00053130,345344,nan,32.5
USW00053130,345380,nan,18.0
USW00053130,345505,nan,33.5
USW00053130,345514,nan,29.5
USW00053130,345525,nan,33.0
USW00053130,345571,nan,40.0
USW00053130,345624,nan,19.0
USW00053130,345655,nan,26.5
USW00053130,345793,nan,32.5
USW00053130,345810,nan,23.5
USW00053130,345856,nan,25.5
USW00053130,345881,nan,19.5
USW00053130,345890,nan,17.5
USW00053130,345967,nan,28.5
USW00053130,345985,nan,35.5
USW00053130,346000,nan,28.0
USW00053130,346016,nan,21.0
USW00053130,346045,nan,15.0
USW00053130,346080,nan,33.5
USW00053130,346110,nan,19.5
USW00053130,346160,nan,17.5
USW00053130,346163,nan,18.0
USW00053130,346276,nan,20.5
USW00053130,346441,nan,26.0
USW00053130,346556,nan,9.5
USW00053130,346604,nan,15.5
USW00053130,346617,nan,17.5
USW00053130,346643,nan,25.0
USW00053130,346650,nan,16.5
USW00053130,346690,nan,20.5
USW00053130,346700,nan,15.5
USW00053130,346705,nan,24.5
USW00053130,346741,nan,26.5
USW00053130,346845,nan,15.0
USW00053130,346902,nan,18.0
USW00053130,346940,nan,8.0
USW00053139,347009,nan,8.6
USW00053139,347203,nan,7.85
USW00053139,347418,nan,8.25
USW00053139,347634,nan,8.850000000000001
USW00053139,347853,nan,6.4
USW00053139,348069,nan,8.7
USW00053139,348284,nan,10.350000000000001
USW00053139,348511,nan,11.600000000000001
USW00053139,348738,nan,10.35
USW00053139,348944,nan,11.3
USW00053139,349143,nan,12.100000000000001
USW00053139,349349,nan,12.65
USW00053139,349563,nan,11.85
USW00053139,349780,nan,16.950000000000003
USW00053139,349989,nan,15.0
USW00053139,350193,nan,12.2
USW00053139,350403,nan,10.7
USW00053139,350606,nan,12.9
USW00053139,350782,nan,11.3
USW00053139,350955,nan,8.4
USW00053139,351103,nan,8.149999999999999
USW00053139,351265,nan,6.45
USW00053139,351372,nan,8.4
USW00053139,351562,nan,7.9
USW00053139,351754,nan,9.5
USW00053139,351945,nan,8.8
USW00053139,352115,nan,12.85
USW00053139,352292,nan,15.5
USW00053139,352487,nan,13.600000000000001
USW00053139,352671,nan,10.1
USW00053139,352886,nan,9.75
USW00053139,353092,nan,11.649999999999999
USW00053139,353278,nan,12.55
USW00053139,353476,nan,11.85
USW00053139,353677,nan,13.05
USW00053139,353831,nan,12.6
USW00053139,354006,nan,12.2
USW00053139,354134,nan,11.350000000000001
USW00053139,354286,nan,11.350000000000001
USW00053139,354467,nan,12.649999999999999
USW00053139,354625,nan,10.05
USW00053139,354812,nan,12.8
USW00053139,354998,nan,12.25
USW00053139,355188,nan,12.55
USW00053139,355378,nan,13.6
USW00053139,355572,nan,14.85
USW00053139,355781,nan,14.15
USW00053139,355986,nan,16.6
USW00053139,356199,nan,17.7
USW00053139,356411,nan,17.5
USW00053139,356604,nan,15.8
USW00053139,356767,nan,14.15
USW00053139,356937,nan,14.9
USW00053139,357141,nan,12.5
USW00053139,357339,nan,13.4
USW00053139,357537,nan,15.75
USW00053139,357737,nan,17.4
USW00053139,357934,nan,18.15
USW00053139,358070,nan,12.1
USW00053139,358274,nan,16.6
USW00053139,358478,nan,14.899999999999999
USW00053139,358680,nan,15.4
USW00053139,358868,nan,18.25
USW00053139,359034,nan,13.850000000000001
USW00053139,359228,nan,15.9
USW00053139,359412,nan,14.5
USW00053139,359588,nan,16.65
USW00053139,359772,nan,16.65
USW00053139,359966,nan,16.05
USW00053139,360165,nan,14.0
USW00053139,360352,nan,14.149999999999999
USW00053139,360558,nan,16.65
USW00053139,360772,nan,14.25
USW00053139,360978,nan,19.1
USW00053139,361180,nan,19.1
USW00053139,361399,nan,19.65
USW00053139,361614,nan,19.3
USW00053139,361813,nan,21.6
USW00053139,362012,nan,20.75
USW00053139,362216,nan,19.2
USW00053139,362411,nan,20.1
USW00053139,362618,nan,23.0
USW00053139,362812,nan,18.9
USW00053139,363013,nan,17.4
USW00053139,363232,nan,19.0
USW00053139,363428,nan,19.6
USW00053139,363616,nan,17.5
USW00053139,363820,nan,20.2
USW00053139,364014,nan,19.0
USW00053139,364226,nan,22.5
USW00053139,364413,nan,12.95
USW00053139,364613,nan,17.049999999999997
USW00053139,364795,nan,16.299999999999997
USW00053139,364992,nan,20.200000000000003
USW00053139,365184,nan,17.8
USW00053139,365377,nan,14.45
USW00053139,365573,nan,17.85
USW00053139,365774,nan,17.55
USW00053139,365975,nan,21.2
USW00053139,366185,nan,22.9
USW00053139,366400,nan,23.6
USW00053139,366612,nan,20.3
USW00053139,366746,nan,18.25
USW00053139,366819,nan,14.350000000000001
USW00053139,367012,nan,17.9
USW00053139,367225,nan,20.6
USW00053139,367434,nan,23.35
USW00053139,367633,nan,24.35
USW00053139,367850,nan,23.55
USW00053139,368057,nan,24.75
USW00053139,368263,nan,26.6
USW00053139,368471,nan,17.950000000000003
USW00053139,368628,nan,13.850000000000001
USW00053139,368799,nan,15.6
USW00053139,369012,nan,25.0
USW00053139,369235,nan,24.85
USW00053139,369443,nan,27.0
USW00053139,369649,nan,27.8
USW00053139,369863,nan,24.9
USW00053139,370071,nan,18.65
USW00053139,370261,nan,17.3
USW00053139,370450,nan,21.2
USW00053139,370637,nan,22.65
USW00053139,370827,nan,25.700000000000003
USW00053139,371036,nan,25.0
USW00053139,371269,nan,28.45
USW00053139,371481,nan,28.5
USW00053139,371674,nan,23.7
USW00053139,371871,nan,21.35
USW00053139,372079,nan,25.65
USW00053139,372288,nan,20.15
USW00053139,372491,nan,21.85
USW00053139,372683,nan,22.05
USW00053139,372885,nan,25.9
USW00053139,373066,nan,27.55
USW00053139,373254,nan,25.85
USW00053139,373463,nan,28.85
USW00053139,373659,nan,33.4
USW00053139,373829,nan,22.200000000000003
USW00053139,374018,nan,25.9
USW00053139,374224,nan,28.35
USW00053139,374436,nan,27.4
USW00053139,374647,nan,26.200000000000003
USW00053139,374850,nan,20.799999999999997
USW00053139,375040,nan,18.2
USW00053139,375230,nan,21.799999999999997
USW00053139,375440,nan,28.0
USW00053139,375626,nan,25.25
USW00053139,375821,nan,23.200000000000003
USW00053139,376011,nan,23.4
USW00053139,376199,nan,29.55
USW00053139,376402,nan,28.3
USW00053139,376619,nan,31.35
USW00053139,376821,nan,30.15
USW00053139,377006,nan,32.75
USW00053139,377214,nan,32.4
USW00053139,377407,nan,37.75
USW00053139,377611,nan,37.25
USW00053139,377807,nan,36.7
USW00053139,378016,nan,37.6
USW00053139,378223,nan,35.95
USW00053139,378415,nan,33.35
USW00053139,378607,nan,30.05
USW00053139,378800,nan,26.9
USW00053139,378965,nan,28.55
USW00053139,379160,nan,30.5
USW00053139,379375,nan,33.7
USW00053139,379587,nan,34.3
USW00053139,379795,nan,30.05
USW00053139,380001,nan,28.75
USW00053139,380217,nan,31.3
USW00053139,380438,nan,29.55
USW00053139,380637,nan,30.799999999999997
USW00053139,380840,nan,31.6
USW00053139,381050,nan,33.05
USW00053139,381259,nan,35.3
USW00053139,381470,nan,36.849999999999994
USW00053139,381685,nan,34.349999999999994
USW00053139,381896,nan,37.0
USW00053139,382113,nan,38.5
USW00053139,382332,nan,38.95
USW00053139,382545,nan,37.95
USW00053139,382767,nan,35.650000000000006
USW00053139,382974,nan,35.2
USW00053139,383188,nan,34.05
USW00053139,383386,nan,35.75
USW00053139,383612,nan,35.45
USW00053139,383819,nan,36.25
USW00053139,384023,nan,35.6
USW00053139,384233,nan,33.599999999999994
USW00053139,384445,nan,37.3
USW00053139,384645,nan,39.05
USW00053139,384847,nan,37.650000000000006
USW00053139,385030,nan,39.900000000000006
USW00053139,385215,nan,38.75
USW00053139,385415,nan,37.45
USW00053139,385617,nan,38.0
USW00053139,385818,nan,42.45
USW00053139,386028,nan,38.15
USW00053139,386230,nan,41.15
USW00053139,386435,nan,42.400000000000006
USW00053139,386647,nan,41.65
USW00053139,386867,nan,39.150000000000006
USW00053139,387072,nan,36.25
USW00053139,387271,nan,36.849999999999994
USW00053139,387480,nan,40.0
USW00053139,387684,nan,41.400000000000006
USW00053139,387887,nan,40.85
USW00053139,388088,nan,39.4
USW00053139,388297,nan,39.25
USW00053139,388511,nan,38.8
USW00053139,388708,nan,39.7
USW00053139,388912,nan,39.15
USW00053139,389127,nan,37.900000000000006
USW00053139,389313,nan,35.650000000000006
USW00053139,389526,nan,36.2
USW00053139,389749,nan,36.7
USW00053139,389972,nan,37.400000000000006
USW00053139,390189,nan,36.8
USW00053139,390409,nan,35.099999999999994
USW00053139,390615,nan,33.5
USW00053139,390812,nan,34.5
USW00053139,391023,nan,33.3
USW00053139,391238,nan,33.349999999999994
USW00053139,391451,nan,31.65
USW00053139,391667,nan,30.950000000000003
USW00053139,391871,nan,34.599999999999994
USW00053139,392079,nan,34.85
USW00053139,392299,nan,36.75
USW00053139,392515,nan,37.1
USW00053139,392717,nan,38.45
USW00053139,392934,nan,37.650000000000006
USW00053139,393135,nan,35.05
USW00053139,393345,nan,34.4
USW00053139,393560,nan,37.0
USW00053139,393776,nan,34.2
USW00053139,393982,nan,34.8
USW00053139,394204,nan,37.25
USW00053139,394408,nan,39.55
USW00053139,394640,nan,33.1
USW00053139,394860,nan,35.7
USW00053139,395080,nan,27.55
USW00053139,395271,nan,27.85
USW00053139,395464,nan,28.45
USW00053139,395670,nan,31.4
USW00053139,395883,nan,33.15
USW00053139,396095,nan,34.5
USW00053139,396303,nan,34.7
USW00053139,396520,nan,35.0
USW00053139,396748,nan,31.4
USW00053139,396967,nan,34.35
USW00053139,397177,nan,36.3
USW00053139,397387,nan,28.9
USW00053139,397583,nan,26.950000000000003
USW00053139,397780,nan,28.4
USW00053139,397987,nan,29.4
USW00053139,398189,nan,33.6
USW00053139,398407,nan,33.05
USW00053139,398618,nan,29.85
USW00053139,398827,nan,30.05
USW00053139,399047,nan,30.85
USW00053139,399260,nan,28.65
USW00053139,399469,nan,29.5
USW00053139,399692,nan,31.200000000000003
USW00053139,399891,nan,29.200000000000003
USW00053139,400109,nan,29.4
USW00053139,400312,nan,27.9
USW00053139,400524,nan,29.5
USW00053139,400758,nan,26.5
USW00053139,400981,nan,29.85
USW00053139,401210,nan,31.35
USW00053139,401433,nan,30.9
USW00053139,401646,nan,31.450000000000003
USW00053139,401868,nan,32.8
USW00053139,402061,nan,30.65
USW00053139,402249,nan,30.6
USW00053139,402447,nan,29.25
USW00053139,402656,nan,30.2
USW00053139,402849,nan,22.549999999999997
USW00053139,403019,nan,23.0
USW00053139,403208,nan,21.65
USW00053139,403385,nan,21.6
USW00053139,403591,nan,25.0
USW00053139,403817,nan,25.95
USW00053139,404023,nan,25.35
USW00053139,404228,nan,32.7
USW00053139,404428,nan,30.549999999999997
USW00053139,404639,nan,24.55
USW00053139,404853,nan,29.5
USW00053139,405063,nan,29.799999999999997
USW00053139,405265,nan,30.35
USW00053139,405445,nan,27.95
USW00053139,405585,nan,24.35
USW00053139,405778,nan,28.55
USW00053139,405971,nan,20.25
USW00053139,406126,nan,20.700000000000003
USW00053139,406283,nan,22.3
USW00053139,406445,nan,19.9
USW00053139,406626,nan,20.9
USW00053139,406808,nan,20.9
USW00053139,406994,nan,18.55
USW00053139,407182,nan,14.35
USW00053139,407400,nan,15.55
USW00053139,407607,nan,17.049999999999997
USW00053139,407804,nan,17.65
USW00053139,408010,nan,17.799999999999997
USW00053139,408227,nan,21.35
USW00053139,408452,nan,21.25
USW00053139,408679,nan,23.950000000000003
USW00053139,408881,nan,23.799999999999997
USW00053139,409094,nan,22.25
USW00053139,409302,nan,17.5
USW00053139,409484,nan,19.4
USW00053139,409676,nan,16.5
USW00053139,409877,nan,12.35
USW00053139,410066,nan,16.5
USW00053139,410248,nan,15.399999999999999
USW00053139,410460,nan,13.45
USW00053139,410682,nan,21.25
USW00053139,410890,nan,25.5
USW00053139,411112,nan,22.9
USW00053139,411305,nan,18.45
USW00053139,411516,nan,15.6
USW00053139,411728,nan,15.850000000000001
USW00053139,411922,nan,18.95
USW00053139,412123,nan,15.6
USW00053139,412315,nan,9.85
USW00053139,412525,nan,9.45
USW00053139,412735,nan,12.0
USW00053139,412911,nan,9.15
USW00053139,413100,nan,4.949999999999999
USW00053139,413307,nan,4.75
USW00053139,413512,nan,8.899999999999999
USW00053139,413708,nan,10.649999999999999
USW00053139,413893,nan,9.85
USW00053139,414081,nan,6.65
USW00053139,414291,nan,8.35
USW00053139,414516,nan,8.65
USW00053139,414726,nan,11.899999999999999
USW00053139,414926,nan,10.85
USW00053139,415134,nan,10.25
USW00053139,415338,nan,11.05
USW00053139,415538,nan,11.45
USW00053139,415754,nan,10.05
USW00053139,415954,nan,11.850000000000001
USW00053139,416156,nan,11.95
USW00053139,416368,nan,13.15
USW00053139,416575,nan,14.1
USW00053139,416782,nan,13.0
USW00053139,416988,nan,12.0
USW00053139,417192,nan,13.7
USW00053139,417389,nan,12.65
USW00053139,417539,nan,11.649999999999999
USW00053139,417717,nan,15.65
USW00053139,417887,nan,16.6
USW00053139,418036,nan,11.7
USW00053139,418164,nan,12.1
USW00053139,418414,nan,11.15
USW00053139,418607,nan,11.45
USW00053139,418784,nan,10.1
USW00053139,418990,nan,9.7
USW00053139,419178,nan,10.1
USW00053139,419362,nan,10.05
USW00053139,419531,nan,7.1
USW00053143,429875,nan,13.5
USW00053143,430298,nan,13.5
USW00053143,430617,nan,15.5
USW00053143,430726,nan,20.5
USW00053143,430746,nan,23.5
USW00053143,432023,nan,10.5
USW00053144,436761,nan,18.6
USW00053144,443220,nan,39.5
USW00053150,447329,nan,2.95
USW00053150,447470,nan,2.35
USW00053150,447613,nan,7.45
USW00053150,447763,nan,6.4
USW00053150,447931,nan,6.75
USW00053150,448076,nan,7.95
USW00053150,448232,nan,6.1
USW00053150,448386,nan,6.6
USW00053150,448548,nan,6.5
USW00053150,448718,nan,5.95
USW00053150,448875,nan,6.95
USW00053150,449028,nan,6.65
USW00053150,449189,nan,0.95
USW00053150,449322,nan,-0.6
USW00053150,449504,nan,8.3
USW00053150,449668,nan,5.15
USW00053150,449840,nan,0.7
USW00053150,449956,nan,-0.75
USW00053150,450045,nan,-3.3
USW00053150,450122,nan,-4.5
USW00053150,450202,nan,-4.85
USW00053150,450319,nan,-4.2
USW00053150,450414,nan,-5.699999999999999
USW00053150,450525,nan,-4.75
USW00053150,450550,nan,-3.8499999999999996
USW00053150,450711,nan,-0.55
USW00053150,450855,nan,0.55
USW00053150,450994,nan,0.05
USW00053150,451117,nan,-0.05
USW00053150,451120,nan,0.45
USW00053150,451154,nan,0.30000000000000004
USW00053150,451328,nan,4.05
USW00053150,451477,nan,-0.8
USW00053150,451598,nan,-0.9500000000000001
USW00053150,451729,nan,0.75
USW00053150,451892,nan,2.45
USW00053150,452027,nan,-0.55
USW00053150,452175,nan,-0.55
USW00053150,452348,nan,-1.25
USW00053150,452444,nan,-0.05
USW00053150,452532,nan,-2.9
USW00053150,452628,nan,-3.4
USW00053150,452636,nan,-2.8
USW00053150,452648,nan,-2.0
USW00053150,452760,nan,-2.8
USW00053150,452858,nan,-3.1999999999999997
USW00053150,453002,nan,0.2
USW00053150,453163,nan,1.3
USW00053150,453335,nan,5.9
USW00053150,453468,nan,7.75
USW00053150,453609,nan,6.25
USW00053150,453754,nan,6.949999999999999
USW00053150,453887,nan,6.85
USW00053150,454036,nan,5.05
USW00053150,454183,nan,3.15
USW00053150,454311,nan,-0.1
USW00053150,454382,nan,-1.75
USW00053150,454491,nan,-3.55
USW00053150,454542,nan,-3.35
USW00053150,454547,nan,-3.5999999999999996
USW00053150,454578,nan,0.65
USW00053150,454580,nan,0.75
USW00053150,454662,nan,3.5
USW00053150,454823,nan,-1.3
USW00053150,454944,nan,0.65
USW00053150,455104,nan,3.4
USW00053150,455248,nan,-0.95
USW00053150,455338,nan,0.95
USW00053150,455489,nan,1.4
USW00053150,455512,nan,2.95
USW00053150,455646,nan,2.7
USW00053150,455735,nan,-1.85
USW00053150,455845,nan,-5.4
USW00053150,455962,nan,-3.9
USW00053150,456122,nan,1.5
USW00053150,456262,nan,-0.05
USW00053150,456402,nan,0.1
USW00053150,456408,nan,0.0
USW00053150,456522,nan,-8.45
USW00053150,456574,nan,-7.75
USW00053150,456663,nan,-5.75
USW00053150,456794,nan,-3.25
USW00053150,456962,nan,1.55
USW00053150,457104,nan,-2.6
USW00053150,457260,nan,-0.5
USW00053150,457421,nan,7.7
USW00053150,457587,nan,7.300000000000001
USW00053150,457741,nan,9.4
USW00053150,457877,nan,7.65
USW00053150,458026,nan,7.7
USW00053150,458215,nan,8.9
USW00053150,458374,nan,7.05
USW00053150,458535,nan,4.85
USW00053150,458683,nan,4.75
USW00053150,458851,nan,7.2
USW00053150,459011,nan,0.15000000000000002
USW00053150,459162,nan,-3.9
USW00053150,459345,nan,2.8499999999999996
USW00053150,459515,nan,5.0
USW00053150,459674,nan,5.199999999999999
USW00053150,459828,nan,4.05
USW00053150,459945,nan,-4.1
USW00053150,460085,nan,-4.65
USW00053150,460213,nan,-3.2
USW00053150,460346,nan,-1.05
USW00053150,460452,nan,-3.2
USW00053150,460558,nan,-3.1500000000000004
USW00053150,460699,nan,-4.1
USW00053150,460861,nan,4.55
USW00053150,461020,nan,5.25
USW00053150,461162,nan,4.95
USW00053150,461330,nan,2.95
USW00053150,461481,nan,2.2
USW00053150,461597,nan,-3.1500000000000004
USW00053150,461679,nan,-3.55
USW00053150,461805,nan,-0.9
USW00053150,461834,nan,-1.75
USW00053150,461947,nan,1.45
USW00053150,462117,nan,6.05
USW00053150,462288,nan,5.55
USW00053150,462448,nan,8.1
USW00053150,462612,nan,6.5
USW00053150,462752,nan,5.15
USW00053150,462873,nan,-4.8
USW00053150,462978,nan,-3.5
USW00053150,463135,nan,0.9500000000000001
USW00053150,463311,nan,6.35
USW00053150,463477,nan,8.0
USW00053150,463651,nan,9.55
USW00053150,463821,nan,7.75
USW00053150,463982,nan,-1.2
USW00053150,464103,nan,-5.4
USW00053150,464255,nan,-3.0
USW00053150,464422,nan,1.95
USW00053150,464580,nan,3.8499999999999996
USW00053150,464744,nan,10.15
USW00053150,464917,nan,8.3
USW00053150,465086,nan,8.0
USW00053150,465261,nan,4.45
USW00053150,465442,nan,4.75
USW00053150,465624,nan,5.05
USW00053150,465796,nan,3.5
USW00053150,465918,nan,-1.65
USW00053150,466052,nan,-5.5
USW00053150,466184,nan,1.25
USW00053150,466207,nan,3.2
USW00053150,466378,nan,6.0
USW00053150,466557,nan,8.2
USW00053150,466723,nan,9.25
USW00053150,466893,nan,9.899999999999999
USW00053150,467054,nan,10.350000000000001
USW00053150,467170,nan,0.7
USW00053150,467346,nan,5.5
USW00053150,467527,nan,6.65
USW00053150,467710,nan,5.550000000000001
USW00053150,467892,nan,-2.6
USW00053150,468071,nan,-3.2
USW00053150,468258,nan,0.09999999999999999
USW00053150,468412,nan,1.55
USW00053150,468587,nan,1.8
USW00053150,468720,nan,1.6
USW00053150,468839,nan,-2.05
USW00053150,468911,nan,0.6499999999999999
USW00053150,469024,nan,4.8
USW00053150,469213,nan,10.100000000000001
USW00053150,469388,nan,10.6
USW00053150,469555,nan,9.75
USW00053150,469738,nan,10.2
USW00053150,469915,nan,10.45
USW00053150,470096,nan,11.7
USW00053150,470283,nan,14.8
USW00053150,470462,nan,16.4
USW00053150,470657,nan,14.649999999999999
USW00053150,470841,nan,12.350000000000001
USW00053150,471015,nan,13.15
USW00053150,471198,nan,7.6
USW00053150,471381,nan,7.15
USW00053150,471563,nan,8.45
USW00053150,471737,nan,12.45
USW00053150,471916,nan,15.0
USW00053150,472105,nan,14.4
USW00053150,472264,nan,10.4
USW00053150,472454,nan,10.4
USW00053150,472632,nan,10.649999999999999
USW00053150,472818,nan,9.05
USW00053150,472994,nan,7.699999999999999
USW00053150,473167,nan,10.25
USW00053150,473360,nan,11.95
USW00053150,473545,nan,14.3
USW00053150,473721,nan,14.2
USW00053150,473897,nan,13.149999999999999
USW00053150,474070,nan,12.649999999999999
USW00053150,474246,nan,18.95
USW00053150,474433,nan,19.65
USW00053150,474609,nan,22.35
USW00053150,474767,nan,15.6
USW00053150,474938,nan,13.6
USW00053150,475118,nan,12.2
USW00053150,475300,nan,13.6
USW00053150,475473,nan,13.5
USW00053150,475651,nan,17.4
USW00053150,475828,nan,17.25
USW00053150,476003,nan,17.25
USW00053150,476179,nan,15.95
USW00053150,476357,nan,18.25
USW00053150,476528,nan,19.75
USW00053150,476714,nan,19.85
USW00053150,476886,nan,18.65
USW00053150,477048,nan,16.9
USW00053150,477215,nan,16.05
USW00053150,477390,nan,20.05
USW00053150,477577,nan,20.5
USW00053150,477750,nan,20.25
USW00053150,477911,nan,21.95
USW00053150,478076,nan,22.200000000000003
USW00053150,478250,nan,19.05
USW00053150,478424,nan,16.4
USW00053150,478593,nan,16.299999999999997
USW00053150,478778,nan,16.85
USW00053150,478968,nan,19.45
USW00053150,479156,nan,20.25
USW00053150,479334,nan,18.6
USW00053150,479507,nan,16.1
USW00053150,479690,nan,14.05
USW00053150,479872,nan,16.25
USW00053150,480063,nan,15.850000000000001
USW00053150,480248,nan,15.75
USW00053150,480433,nan,15.0
USW00053150,480612,nan,16.25
USW00053150,480796,nan,15.6
USW00053150,480978,nan,15.4
USW00053150,481172,nan,16.3
USW00053150,481350,nan,15.75
USW00053150,481519,nan,15.9
USW00053150,481689,nan,14.45
USW00053150,481874,nan,13.850000000000001
USW00053150,482047,nan,14.05
USW00053150,482216,nan,12.8
USW00053150,482386,nan,12.5
USW00053150,482560,nan,15.1
USW00053150,482737,nan,15.45
USW00053150,482899,nan,14.8
USW00053150,483078,nan,18.549999999999997
USW00053150,483259,nan,17.4
USW00053150,483458,nan,17.95
USW00053150,483649,nan,15.350000000000001
USW00053150,483826,nan,16.45
USW00053150,484009,nan,15.95
USW00053150,484168,nan,14.4
USW00053150,484346,nan,15.850000000000001
USW00053150,484537,nan,20.85
USW00053150,484711,nan,22.45
USW00053150,484883,nan,22.05
USW00053150,485049,nan,18.65
USW00053150,485226,nan,13.350000000000001
USW00053150,485400,nan,6.4
USW00053150,485561,nan,6.45
USW00053150,485736,nan,10.45
USW00053150,485928,nan,14.0
USW00053150,486108,nan,17.549999999999997
USW00053150,486293,nan,19.0
USW00053150,486460,nan,18.4
USW00053150,486631,nan,18.05
USW00053150,486806,nan,17.200000000000003
USW00053150,486978,nan,15.3
USW00053150,487161,nan,11.850000000000001
USW00053150,487313,nan,3.8
USW00053150,487496,nan,7.5
USW00053150,487675,nan,12.149999999999999
USW00053150,487842,nan,15.6
USW00053150,488006,nan,13.1
USW00053150,488186,nan,12.0
USW00053150,488365,nan,12.25
USW00053150,488542,nan,14.899999999999999
USW00053150,488731,nan,15.45
USW00053150,488917,nan,12.600000000000001
USW00053150,489103,nan,11.350000000000001
USW00053150,489288,nan,9.95
USW00053150,489482,nan,11.3
USW00053150,489668,nan,7.85
USW00053150,489849,nan,8.649999999999999
USW00053150,490031,nan,14.2
USW00053150,490209,nan,18.1
USW00053150,490373,nan,19.95
USW00053150,490548,nan,20.85
USW00053150,490726,nan,22.700000000000003
USW00053150,490896,nan,22.7
USW00053150,491070,nan,21.85
USW00053150,491253,nan,19.450000000000003
USW00053150,491426,nan,16.3
USW00053150,491599,nan,13.0
USW00053150,491744,nan,10.600000000000001
USW00053150,491873,nan,4.0
USW00053150,491992,nan,4.2
USW00053150,492141,nan,2.5
USW00053150,492301,nan,5.9
USW00053150,492479,nan,9.25
USW00053150,492678,nan,15.350000000000001
USW00053150,492855,nan,14.5
USW00053150,493038,nan,16.5
USW00053150,493210,nan,16.5
USW00053150,493367,nan,15.55
USW00053150,493516,nan,16.0
USW00053150,493667,nan,15.2
USW00053150,493816,nan,12.350000000000001
USW00053150,493981,nan,5.3
USW00053150,494150,nan,10.6
USW00053150,494336,nan,11.85
USW00053150,494517,nan,8.649999999999999
USW00053150,494683,nan,5.7
USW00053150,494829,nan,4.25
USW00053150,494917,nan,5.1
USW00053150,495017,nan,3.8499999999999996
USW00053150,495206,nan,1.65
USW00053150,495382,nan,2.8
USW00053150,495560,nan,6.55
USW00053150,495700,nan,6.1
USW00053150,495845,nan,2.45
USW00053150,495948,nan,1.65
USW00053150,496134,nan,8.05
USW00053150,496332,nan,13.95
USW00053150,496507,nan,16.8
USW00053150,496677,nan,16.35
USW00053150,496836,nan,13.6
USW00053150,496986,nan,11.05
USW00053150,497156,nan,4.800000000000001
USW00053150,497273,nan,-0.4
USW00053150,497434,nan,0.0
USW00053150,497589,nan,-0.5
USW00053150,497707,nan,-1.2
USW00053150,497890,nan,6.75
USW00053150,498078,nan,6.75
USW00053150,498262,nan,9.95
USW00053150,498453,nan,10.65
USW00053150,498632,nan,9.95
USW00053150,498810,nan,9.85
USW00053150,498971,nan,8.0
USW00053150,499122,nan,5.55
USW00053150,499228,nan,-0.9
USW00053150,499348,nan,-4.6
USW00053150,499448,nan,-5.2
USW00053150,499547,nan,-4.800000000000001
USW00053150,499638,nan,-7.5
USW00053150,499773,nan,-6.35
USW00053150,499941,nan,1.35
USW00053150,500119,nan,1.4
USW00053150,500264,nan,-5.8
USW00053150,500396,nan,-3.9499999999999997
USW00053150,500584,nan,0.8999999999999999
USW00053150,500778,nan,5.6
USW00053150,500943,nan,6.1
USW00053150,501076,nan,5.6
USW00053150,501236,nan,6.800000000000001
USW00053150,501384,nan,2.8
USW00053150,501543,nan,0.5
USW00053150,501659,nan,2.9000000000000004
USW00053150,501695,nan,6.55
USW00053150,501847,nan,6.5
USW00053150,502006,nan,4.25
USW00053150,502128,nan,4.7
USW00053150,502265,nan,6.6
USW00053150,502415,nan,12.7
USW00053150,502597,nan,12.55
USW00053150,502762,nan,7.65
USW00053150,502906,nan,-1.1
USW00053150,503002,nan,-1.7
USW00053150,503150,nan,-1.25
USW00053150,503274,nan,-0.9
USW00053150,503380,nan,1.4
USW00053150,503518,nan,-3.25
USW00053150,503587,nan,-3.0
USW00053150,503674,nan,-1.05
USW00053150,503741,nan,0.0
USW00053150,503900,nan,3.5
USW00053150,504053,nan,7.45
USW00053150,504204,nan,-3.1500000000000004
USW00053150,504231,nan,-4.6
USW00053150,504337,nan,-1.65
USW00053150,504526,nan,1.9
USW00053150,504664,nan,-1.75
USW00053150,504778,nan,-10.75
USW00053150,504899,nan,-9.25
USW00053151,505064,nan,11.1
USW00053151,505266,nan,12.8
USW00053151,505482,nan,14.2
USW00053151,505686,nan,13.6
USW00053151,505887,nan,12.55
USW00053151,506088,nan,13.35
USW00053151,506294,nan,12.45
USW00053151,506490,nan,14.05
USW00053151,506694,nan,14.8
USW00053151,506896,nan,15.65
USW00053151,507084,nan,15.2
USW00053151,507285,nan,15.75
USW00053151,507481,nan,13.399999999999999
USW00053151,507646,nan,8.8
USW00053151,507862,nan,13.350000000000001
USW00053151,508048,nan,13.95
USW00053151,508248,nan,10.399999999999999
USW00053151,508435,nan,10.5
USW00053151,508571,nan,9.45
USW00053151,508745,nan,8.8
USW00053151,508881,nan,9.9
USW00053151,509046,nan,8.149999999999999
USW00053151,509209,nan,6.35
USW00053151,509403,nan,6.8
USW00053151,509584,nan,8.25
USW00053151,509786,nan,9.649999999999999
USW00053151,509948,nan,9.45
USW00053151,510123,nan,9.2
USW00053151,510321,nan,9.5
USW00053151,510499,nan,9.55
USW00053151,510680,nan,8.2
USW00053151,510708,nan,6.9
USW00053151,510886,nan,9.15
USW00053151,511069,nan,9.8
USW00053151,511242,nan,9.95
USW00053151,511424,nan,10.45
USW00053151,511595,nan,10.100000000000001
USW00053151,511719,nan,10.649999999999999
USW00053151,511820,nan,8.8
USW00053151,511942,nan,8.25
USW00053151,512136,nan,9.3
USW00053151,512290,nan,5.4
USW00053151,512475,nan,7.9
USW00053151,512664,nan,9.75
USW00053151,512851,nan,9.9
USW00053151,513049,nan,13.9
USW00053151,513255,nan,15.25
USW00053151,513483,nan,14.8
USW00053151,513689,nan,15.8
USW00053151,513891,nan,14.3
USW00053151,514084,nan,10.5
USW00053151,514202,nan,9.25
USW00053151,514374,nan,9.8
USW00053151,514525,nan,10.0
USW00053151,514679,nan,8.850000000000001
USW00053151,514885,nan,11.0
USW00053151,515060,nan,9.350000000000001
USW00053151,515233,nan,13.149999999999999
USW00053151,515414,nan,12.25
USW00053151,515542,nan,8.45
USW00053151,515753,nan,9.45
USW00053151,515925,nan,10.9
USW00053151,516103,nan,9.2
USW00053151,516282,nan,8.2
USW00053151,516453,nan,7.35
USW00053151,516633,nan,9.2
USW00053151,516791,nan,7.95
USW00053151,516909,nan,10.149999999999999
USW00053151,517062,nan,9.3
USW00053151,517251,nan,7.4
USW00053151,517433,nan,6.949999999999999
USW00053151,517633,nan,9.6
USW00053151,517836,nan,9.4
USW00053151,518031,nan,7.4
USW00053151,518234,nan,12.850000000000001
USW00053151,518438,nan,17.4
USW00053151,518623,nan,17.75
USW00053151,518824,nan,15.0
USW00053151,519002,nan,11.25
USW00053151,519192,nan,13.649999999999999
USW00053151,519397,nan,15.4
USW00053151,519606,nan,15.05
USW00053151,519797,nan,10.350000000000001
USW00053151,520000,nan,10.95
USW00053151,520203,nan,9.65
USW00053151,520371,nan,10.149999999999999
USW00053151,520566,nan,11.350000000000001
USW00053151,520776,nan,15.55
USW00053151,520975,nan,14.9
USW00053151,521176,nan,9.9
USW00053151,521362,nan,10.5
USW00053151,521533,nan,7.35
USW00053151,521722,nan,6.15
USW00053151,521911,nan,9.45
USW00053151,522079,nan,10.649999999999999
USW00053151,522244,nan,9.850000000000001
USW00053151,522406,nan,7.9
USW00053151,522619,nan,12.8
USW00053151,522839,nan,15.55
USW00053151,523050,nan,15.0
USW00053151,523233,nan,11.4
USW00053151,523394,nan,10.45
USW00053151,523548,nan,11.7
USW00053151,523714,nan,8.6
USW00053151,523922,nan,8.75
USW00053151,524114,nan,9.75
USW00053151,524278,nan,11.5
USW00053151,524451,nan,10.45
USW00053151,524647,nan,13.850000000000001
USW00053151,524835,nan,13.149999999999999
USW00053151,525018,nan,12.25
USW00053151,525215,nan,8.75
USW00053151,525391,nan,7.8
USW00053151,525555,nan,6.9
USW00053151,525757,nan,9.5
USW00053151,525953,nan,10.7
USW00053151,526004,nan,13.55
USW00053151,526151,nan,12.55
USW00053151,526344,nan,11.2
USW00053151,526407,nan,14.2
USW00053151,526501,nan,11.6
USW00053151,526654,nan,10.25
USW00053151,526836,nan,9.45
USW00053151,527049,nan,10.6
USW00053151,527248,nan,11.45
USW00053151,527441,nan,12.35
USW00053151,527650,nan,16.5
USW00053151,527856,nan,14.0
USW00053151,528053,nan,12.75
USW00053151,528223,nan,12.8
USW00053151,528427,nan,14.05
USW00053151,528628,nan,12.8
USW00053151,528776,nan,10.2
USW00053151,528965,nan,9.65
USW00053151,529147,nan,8.65
USW00053151,529346,nan,13.3
USW00053151,529554,nan,11.2
USW00053151,529737,nan,11.95
USW00053151,529902,nan,12.6
USW00053151,530050,nan,12.149999999999999
USW00053151,530172,nan,10.9
USW00053151,530329,nan,13.75
USW00053151,530524,nan,11.55
USW00053151,530726,nan,12.350000000000001
USW00053151,530898,nan,11.6
USW00053151,531072,nan,10.05
USW00053151,531237,nan,9.05
USW00053151,531436,nan,9.55
USW00053151,531634,nan,11.45
USW00053151,531816,nan,12.3
USW00053151,531980,nan,13.6
USW00053151,532169,nan,12.25
USW00053151,532389,nan,14.3
USW00053151,532605,nan,12.9
USW00053151,532644,nan,14.15
USW00053151,532787,nan,11.5
USW00053151,532974,nan,13.5
USW00053151,533160,nan,12.4
USW00053151,533349,nan,12.6
USW00053151,533541,nan,13.75
USW00053151,533584,nan,16.25
USW00053151,533732,nan,13.75
USW00053151,533772,nan,18.0
USW00053151,533922,nan,14.8
USW00053151,534103,nan,15.0
USW00053151,534275,nan,14.149999999999999
USW00053151,534433,nan,14.3
USW00053151,534581,nan,13.350000000000001
USW00053151,534724,nan,13.05
USW00053151,534893,nan,12.35
USW00053151,534952,nan,13.85
USW00053151,535094,nan,13.9
USW00053151,535303,nan,13.9
USW00053151,535499,nan,11.8
USW00053151,535679,nan,11.55
USW00053151,535895,nan,12.3
USW00053151,536073,nan,12.1
USW00053151,536261,nan,13.55
USW00053151,536466,nan,13.4
USW00053151,536650,nan,10.75
USW00053151,536850,nan,13.149999999999999
USW00053151,537036,nan,13.05
USW00053151,537236,nan,14.399999999999999
USW00053151,537435,nan,13.9
USW00053151,537615,nan,13.350000000000001
USW00053151,537797,nan,14.6
USW00053151,537948,nan,14.1
USW00053151,538115,nan,14.95
USW00053151,538298,nan,14.25
USW00053151,538508,nan,12.9
USW00053151,538710,nan,14.2
USW00053151,538894,nan,12.2
USW00053151,539083,nan,14.05
USW00053151,539238,nan,14.25
USW00053151,539383,nan,14.2
USW00053151,539539,nan,14.6
USW00053151,539701,nan,13.649999999999999
USW00053151,539879,nan,13.649999999999999
USW00053151,540074,nan,13.45
USW00053151,540250,nan,14.4
USW00053151,540447,nan,15.45
USW00053151,540657,nan,20.55
USW00053151,540872,nan,19.65
USW00053151,541094,nan,21.4
USW00053151,541307,nan,23.7
USW00053151,541524,nan,18.1
USW00053151,541727,nan,15.850000000000001
USW00053151,541913,nan,15.3
USW00053151,542078,nan,15.6
USW00053151,542246,nan,15.85
USW00053151,542434,nan,14.05
USW00053151,542486,nan,15.899999999999999
USW00053151,542629,nan,15.1
USW00053151,542808,nan,14.850000000000001
USW00053151,542985,nan,15.05
USW00053151,543145,nan,14.899999999999999
USW00053151,543312,nan,14.05
USW00053151,543503,nan,13.65
USW00053151,543691,nan,14.8
USW00053151,543873,nan,14.9
USW00053151,544050,nan,14.05
USW00053151,544096,nan,14.399999999999999
USW00053151,544250,nan,15.0
USW00053151,544459,nan,17.25
USW00053151,544662,nan,14.850000000000001
USW00053151,544855,nan,14.25
USW00053151,545034,nan,13.85
USW00053151,545084,nan,15.5
USW00053151,545225,nan,13.9
USW00053151,545408,nan,13.649999999999999
USW00053151,545610,nan,13.2
USW00053151,545808,nan,13.7
USW00053151,545863,nan,14.25
USW00053151,546019,nan,13.95
USW00053151,546223,nan,12.9
USW00053151,546437,nan,13.9
USW00053151,546652,nan,13.0
USW00053151,546863,nan,14.1
USW00053151,547080,nan,14.850000000000001
USW00053151,547286,nan,22.95
USW00053151,547489,nan,24.35
USW00053151,547698,nan,23.3
USW00053151,547899,nan,23.0
USW00053151,548125,nan,21.8
USW00053151,548343,nan,19.549999999999997
USW00053151,548547,nan,22.25
USW00053151,548769,nan,23.65
USW00053151,548973,nan,25.0
USW00053151,549186,nan,26.1
USW00053151,549413,nan,22.15
USW00053151,549610,nan,15.8
USW00053151,549775,nan,14.4
USW00053151,549948,nan,14.4
USW00053151,550132,nan,14.7
USW00053151,550335,nan,15.75
USW00053151,550534,nan,17.8
USW00053151,550735,nan,18.700000000000003
USW00053151,550963,nan,23.8
USW00053151,551205,nan,20.0
USW00053151,551402,nan,14.7
USW00053151,551583,nan,14.350000000000001
USW00053151,551743,nan,14.9
USW00053151,551893,nan,14.8
USW00053151,552077,nan,13.3
USW00053151,552256,nan,14.35
USW00053151,552465,nan,12.7
USW00053151,552666,nan,15.55
USW00053151,552873,nan,15.6
USW00053151,553082,nan,15.399999999999999
USW00053151,553302,nan,17.9
USW00053151,553509,nan,12.7
USW00053151,553709,nan,16.7
USW00053151,553764,nan,11.95
USW00053151,553927,nan,17.5
USW00053151,554137,nan,16.450000000000003
USW00053151,554351,nan,12.55
USW00053151,554513,nan,14.350000000000001
USW00053151,554700,nan,13.05
USW00053151,554892,nan,18.9
USW00053151,555114,nan,23.7
USW00053151,555323,nan,25.450000000000003
USW00053151,555542,nan,29.5
USW00053151,555755,nan,27.1
USW00053151,555960,nan,23.1
USW00053151,556174,nan,20.45
USW00053151,556384,nan,18.65
USW00053151,556606,nan,18.65
USW00053151,556821,nan,18.75
USW00053151,556875,nan,17.15
USW00053151,556878,nan,17.7
USW00053151,556990,nan,16.55
USW00053151,557087,nan,13.1
USW00053151,557216,nan,13.2
USW00053151,557372,nan,12.15
USW00053151,557547,nan,12.649999999999999
USW00053151,557746,nan,15.65
USW00053151,557946,nan,20.1
USW00053151,558169,nan,21.15
USW00053151,558360,nan,14.3
USW00053151,558409,nan,14.15
USW00053151,558547,nan,13.95
USW00053151,558570,nan,15.799999999999999
USW00053151,558743,nan,14.95
USW00053151,558786,nan,18.2
USW00053151,558906,nan,15.55
USW00053151,559031,nan,14.55
USW00053151,559145,nan,14.3
USW00053151,559250,nan,13.6
USW00053151,559369,nan,14.2
USW00053151,559487,nan,12.5
USW00053151,559608,nan,13.7
USW00053151,559706,nan,13.350000000000001
USW00053151,559842,nan,12.95
USW00053151,559998,nan,13.8
USW00053151,560158,nan,13.4
USW00053151,560281,nan,13.1
USW00053151,560451,nan,12.45
USW00053151,560646,nan,16.55
USW00053151,560847,nan,16.8
USW00053151,561044,nan,13.6
USW00053151,561226,nan,11.149999999999999
USW00053151,561407,nan,13.25
USW00053151,561612,nan,20.55
USW00053151,561814,nan,23.0
USW00053151,562023,nan,24.45
USW00053151,562229,nan,23.25
USW00053151,562438,nan,20.1
USW00053151,562636,nan,12.100000000000001
USW00053151,562814,nan,12.649999999999999
USW00053151,562971,nan,10.850000000000001
USW00053151,563171,nan,9.600000000000001
USW00053151,563338,nan,10.6
USW00053151,563545,nan,12.75
USW00053151,563754,nan,13.35
USW00053151,563965,nan,14.350000000000001
USW00053151,564178,nan,14.9
USW00053151,564387,nan,13.35
USW00053151,564588,nan,8.45
USW00053151,564798,nan,16.65
USW00053151,564978,nan,11.85
USW00053151,565088,nan,11.9
USW00053151,565183,nan,10.350000000000001
USW00053151,565341,nan,7.6
USW00053151,565548,nan,7.199999999999999
USW00053151,565722,nan,9.25
USW00053151,565881,nan,5.949999999999999
USW00053151,566066,nan,6.75
USW00053151,566282,nan,8.649999999999999
USW00053151,566459,nan,8.2
USW00053151,566654,nan,5.35
USW00053151,566862,nan,7.2
USW00053151,567070,nan,8.55
USW00053151,567288,nan,12.9
USW00053151,567489,nan,13.25
USW00053151,567690,nan,11.25
USW00053151,567888,nan,10.35
USW00053151,568075,nan,10.95
USW00053151,568256,nan,10.9
USW00053151,568464,nan,14.85
USW00053151,568667,nan,11.95
USW00053151,568866,nan,13.25
USW00053151,569074,nan,11.95
USW00053151,569282,nan,18.6
USW00053151,569484,nan,18.450000000000003
USW00053151,569700,nan,14.05
USW00053151,569875,nan,9.2
USW00053151,569981,nan,10.9
USW00053151,570125,nan,8.95
USW00053151,570258,nan,12.2
USW00053151,570329,nan,12.350000000000001
USW00053151,570394,nan,13.0
USW00053151,570496,nan,10.8
USW00053151,570689,nan,8.9
USW00053151,570883,nan,12.2
USW00053151,571060,nan,9.649999999999999
USW00053151,571200,nan,9.25
USW00053151,571389,nan,9.95
USW00053151,571574,nan,9.05
USW00053151,571692,nan,7.15
USW00053151,571896,nan,2.25
USW00053152,572098,nan,6.800000000000001
USW00053152,572278,nan,13.75
USW00053152,572503,nan,7.25
USW00053152,572708,nan,7.449999999999999
USW00053152,572911,nan,6.75
USW00053152,573099,nan,9.05
USW00053152,573296,nan,8.3
USW00053152,573481,nan,9.25
USW00053152,573669,nan,9.100000000000001
USW00053152,573858,nan,11.399999999999999
USW00053152,574045,nan,8.899999999999999
USW00053152,574269,nan,8.350000000000001
USW00053152,574441,nan,12.6
USW00053152,574494,nan,14.8
USW00053152,574612,nan,13.1
USW00053152,574824,nan,8.25
USW00053152,575029,nan,10.0
USW00053152,575241,nan,8.25
USW00053152,575370,nan,12.65
USW00053152,575495,nan,10.350000000000001
USW00053152,575539,nan,12.649999999999999
USW00053152,575550,nan,14.25
USW00053152,575637,nan,9.75
USW00053152,575698,nan,12.75
USW00053152,575702,nan,12.25
USW00053152,575764,nan,10.9
USW00053152,575788,nan,12.3
USW00053152,575791,nan,12.1
USW00053152,575816,nan,13.25
USW00053152,575827,nan,13.25
USW00053152,575852,nan,12.0
USW00053152,575855,nan,11.8
USW00053152,575862,nan,11.3
USW00053152,575885,nan,8.85
USW00053152,575913,nan,8.15
USW00053152,575967,nan,7.75
USW00053152,576047,nan,7.05
USW00053152,576076,nan,5.55
USW00053152,576111,nan,6.65
USW00053152,576134,nan,6.949999999999999
USW00053152,576279,nan,5.65
USW00053152,576453,nan,6.2
USW00053152,576522,nan,11.2
USW00053152,576633,nan,9.2
USW00053152,576783,nan,9.25
USW00053152,576853,nan,11.4
USW00053152,576980,nan,7.25
USW00053152,576989,nan,8.25
USW00053152,577183,nan,7.85
USW00053152,577368,nan,6.5
USW00053152,577550,nan,6.55
USW00053152,577741,nan,7.5
USW00053152,577928,nan,8.5
USW00053152,578095,nan,8.05
USW00053152,578315,nan,9.6
USW00053152,578466,nan,13.9
USW00053152,578525,nan,14.1
USW00053152,578606,nan,12.3
USW00053152,578673,nan,11.0
USW00053152,578850,nan,10.55
USW00053152,579058,nan,8.65
USW00053152,579142,nan,9.75
USW00053152,579162,nan,12.95
USW00053152,579240,nan,5.25
USW00053152,579446,nan,6.05
USW00053152,579625,nan,8.5
USW00053152,579819,nan,8.75
USW00053152,580024,nan,7.949999999999999
USW00053152,580229,nan,8.55
USW00053152,580298,nan,14.4
USW00053152,580302,nan,16.45
USW00053152,580421,nan,9.85
USW00053152,580564,nan,18.55
USW00053152,580584,nan,14.95
USW00053152,580632,nan,10.3
USW00053152,580696,nan,16.4
USW00053152,580745,nan,18.0
USW00053152,580806,nan,11.7
USW00053152,580836,nan,11.9
USW00053152,580840,nan,12.55
USW00053152,580901,nan,12.45
USW00053152,581017,nan,11.95
USW00053152,581019,nan,11.75
USW00053152,581028,nan,10.850000000000001
USW00053152,581198,nan,11.649999999999999
USW00053152,581380,nan,12.1
USW00053152,581546,nan,8.55
USW00053152,581624,nan,13.8
USW00053152,581731,nan,9.85
USW00053152,581786,nan,10.0
USW00053152,581848,nan,11.55
USW00053152,581866,nan,10.350000000000001
USW00053152,582065,nan,10.8
USW00053152,582223,nan,13.05
USW00053152,582227,nan,13.15
USW00053152,582285,nan,13.35
USW00053152,582383,nan,10.9
USW00053152,582390,nan,10.95
USW00053152,582407,nan,9.1
USW00053152,582502,nan,15.8
USW00053152,582584,nan,10.5
USW00053152,582761,nan,11.5
USW00053152,582907,nan,8.45
USW00053152,582972,nan,11.2
USW00053152,583081,nan,10.2
USW00053152,583275,nan,7.3
USW00053152,583459,nan,9.6
USW00053152,583630,nan,8.649999999999999
USW00053152,583808,nan,12.55
USW00053152,583985,nan,9.15
USW00053152,584155,nan,8.45
USW00053152,584334,nan,10.6
USW00053152,584550,nan,7.15
USW00053152,584747,nan,12.5
USW00053152,584948,nan,7.85
USW00053152,585156,nan,7.35
USW00053152,585355,nan,13.1
USW00053152,585383,nan,10.35
USW00053152,585607,nan,13.1
USW00053152,585819,nan,12.149999999999999
USW00053152,586017,nan,11.5
USW00053152,586088,nan,12.9
USW00053152,586172,nan,10.7
USW00053152,586373,nan,9.600000000000001
USW00053152,586552,nan,8.649999999999999
USW00053152,586733,nan,10.55
USW00053152,586913,nan,9.55
USW00053152,587099,nan,10.15
USW00053152,587280,nan,8.95
USW00053152,587520,nan,14.95
USW00053152,587755,nan,10.600000000000001
USW00053152,587960,nan,11.35
USW00053152,588171,nan,13.5
USW00053152,588359,nan,12.350000000000001
USW00053152,588505,nan,8.4
USW00053152,588676,nan,10.350000000000001
USW00053152,588878,nan,12.649999999999999
USW00053152,589055,nan,7.85
USW00053152,589222,nan,10.350000000000001
USW00053152,589400,nan,9.4
USW00053152,589616,nan,9.4
USW00053152,589837,nan,12.15
USW00053152,590047,nan,13.0
USW00053152,590214,nan,11.95
USW00053152,590367,nan,12.850000000000001
USW00053152,590478,nan,8.649999999999999
USW00053152,590659,nan,10.45
USW00053152,590850,nan,10.15
USW00053152,591029,nan,9.7
USW00053152,591199,nan,9.6
USW00053152,591394,nan,11.35
USW00053152,591587,nan,12.4
USW00053152,591766,nan,11.5
USW00053152,591945,nan,11.5
USW00053152,592125,nan,9.9
USW00053152,592299,nan,9.65
USW00053152,592509,nan,7.65
USW00053152,592690,nan,11.6
USW00053152,592850,nan,9.2
USW00053152,593004,nan,11.6
USW00053152,593045,nan,12.649999999999999
USW00053152,593117,nan,11.850000000000001
USW00053152,593239,nan,13.0
USW00053152,593415,nan,10.8
USW00053152,593598,nan,11.25
USW00053152,593803,nan,12.149999999999999
USW00053152,594039,nan,10.5
USW00053152,594217,nan,11.100000000000001
USW00053152,594399,nan,11.5
USW00053152,594583,nan,11.350000000000001
USW00053152,594794,nan,10.850000000000001
USW00053152,595011,nan,11.7
USW00053152,595228,nan,13.85
USW00053152,595451,nan,13.55
USW00053152,595639,nan,11.45
USW00053152,595824,nan,10.55
USW00053152,595999,nan,13.149999999999999
USW00053152,596223,nan,11.5
USW00053152,596402,nan,12.3
USW00053152,596538,nan,11.55
USW00053152,596665,nan,11.850000000000001
USW00053152,596790,nan,11.3
USW00053152,596910,nan,11.8
USW00053152,597037,nan,11.9
USW00053152,597098,nan,15.65
USW00053152,597226,nan,16.65
USW00053152,597461,nan,18.2
USW00053152,597681,nan,11.8
USW00053152,597885,nan,11.6
USW00053152,598085,nan,10.2
USW00053152,598291,nan,11.45
USW00053152,598481,nan,12.2
USW00053152,598626,nan,12.95
USW00053152,598779,nan,12.5
USW00053152,599006,nan,17.1
USW00053152,599238,nan,12.55
USW00053152,599445,nan,15.0
USW00053152,599590,nan,12.65
USW00053152,599741,nan,11.350000000000001
USW00053152,599928,nan,11.85
USW00053152,600078,nan,13.55
USW00053152,600221,nan,14.25
USW00053152,600363,nan,14.95
USW00053152,600499,nan,14.95
USW00053152,600612,nan,14.75
USW00053152,600761,nan,12.1
USW00053152,600933,nan,15.350000000000001
USW00053152,601145,nan,14.05
USW00053152,601341,nan,12.399999999999999
USW00053152,601535,nan,12.65
USW00053152,601690,nan,13.6
USW00053152,601845,nan,14.55
USW00053152,602012,nan,11.600000000000001
USW00053152,602208,nan,11.600000000000001
USW00053152,602394,nan,12.649999999999999
USW00053152,602607,nan,12.0
USW00053152,602811,nan,14.15
USW00053152,603019,nan,13.25
USW00053152,603181,nan,13.4
USW00053152,603302,nan,13.3
USW00053152,603449,nan,14.350000000000001
USW00053152,603592,nan,14.1
USW00053152,603794,nan,13.55
USW00053152,603954,nan,14.45
USW00053152,604101,nan,13.5
USW00053152,604227,nan,14.75
USW00053152,604338,nan,14.55
USW00053152,604481,nan,12.399999999999999
USW00053152,604669,nan,14.75
USW00053152,604857,nan,14.3
USW00053152,605010,nan,13.350000000000001
USW00053152,605150,nan,13.4
USW00053152,605253,nan,15.0
USW00053152,605376,nan,15.3
USW00053152,605499,nan,11.7
USW00053152,605623,nan,14.6
USW00053152,605750,nan,14.95
USW00053152,605875,nan,15.45
USW00053152,606011,nan,15.2
USW00053152,606145,nan,15.1
USW00053152,606348,nan,16.8
USW00053152,606547,nan,16.75
USW00053152,606744,nan,17.25
USW00053152,606916,nan,16.4
USW00053152,607081,nan,16.85
USW00053152,607252,nan,14.55
USW00053152,607429,nan,13.9
USW00053152,607562,nan,14.3
USW00053152,607697,nan,14.05
USW00053152,607846,nan,13.850000000000001
USW00053152,607979,nan,13.6
USW00053152,608117,nan,14.3
USW00053152,608281,nan,13.95
USW00053152,608449,nan,11.350000000000001
USW00053152,608635,nan,12.3
USW00053152,608815,nan,11.4
USW00053152,608985,nan,14.05
USW00053152,609141,nan,14.3
USW00053152,609275,nan,14.0
USW00053152,609420,nan,12.25
USW00053152,609574,nan,13.6
USW00053152,609626,nan,15.25
USW00053152,609722,nan,15.0
USW00053152,609863,nan,14.6
USW00053152,610000,nan,14.05
USW00053152,610158,nan,14.05
USW00053152,610300,nan,13.9
USW00053152,610447,nan,12.55
USW00053152,610632,nan,13.8
USW00053152,610792,nan,12.2
USW00053152,610940,nan,11.55
USW00053152,611123,nan,13.3
USW00053152,611282,nan,13.05
USW00053152,611448,nan,14.15
USW00053152,611623,nan,14.3
USW00053152,611812,nan,13.350000000000001
USW00053152,611858,nan,14.55
USW00053152,611962,nan,15.2
USW00053152,612134,nan,16.05
USW00053152,612294,nan,12.55
USW00053152,612367,nan,15.0
USW00053152,612471,nan,13.350000000000001
USW00053152,612658,nan,14.7
USW00053152,612843,nan,13.05
USW00053152,613038,nan,13.95
USW00053152,613212,nan,14.3
USW00053152,613258,nan,14.7
USW00053152,613344,nan,12.8
USW00053152,613383,nan,13.7
USW00053152,613492,nan,12.850000000000001
USW00053152,613677,nan,12.149999999999999
USW00053152,613859,nan,14.75
USW00053152,614055,nan,13.649999999999999
USW00053152,614245,nan,12.5
USW00053152,614410,nan,13.25
USW00053152,614451,nan,14.45
USW00053152,614533,nan,12.55
USW00053152,614576,nan,14.45
USW00053152,614580,nan,15.6
USW00053152,614646,nan,12.4
USW00053152,614804,nan,12.7
USW00053152,614990,nan,11.7
USW00053152,615156,nan,13.649999999999999
USW00053152,615293,nan,14.2
USW00053152,615425,nan,15.5
USW00053152,615577,nan,13.95
USW00053152,615782,nan,12.399999999999999
USW00053152,615952,nan,12.4
USW00053152,615994,nan,13.45
USW00053152,616082,nan,13.25
USW00053152,616218,nan,11.75
USW00053152,616281,nan,14.899999999999999
USW00053152,616391,nan,10.95
USW00053152,616597,nan,10.45
USW00053152,616768,nan,12.0
USW00053152,616938,nan,13.7
USW00053152,617067,nan,12.649999999999999
USW00053152,617129,nan,15.1
USW00053152,617242,nan,12.850000000000001
USW00053152,617313,nan,15.100000000000001
USW00053152,617436,nan,13.85
USW00053152,617635,nan,12.55
USW00053152,617800,nan,12.05
USW00053152,618023,nan,11.15
USW00053152,618214,nan,12.2
USW00053152,618422,nan,13.600000000000001
USW00053152,618629,nan,15.7
USW00053152,618835,nan,14.75
USW00053152,619060,nan,18.9
USW00053152,619264,nan,16.35
USW00053152,619451,nan,16.9
USW00053152,619630,nan,14.899999999999999
USW00053152,619793,nan,15.95
USW00053152,619973,nan,15.2
USW00053152,620063,nan,15.5
USW00053152,620219,nan,13.8
USW00053152,620385,nan,14.75
USW00053152,620535,nan,13.3
USW00053152,620711,nan,11.45
USW00053152,620897,nan,13.95
USW00053152,621095,nan,14.7
USW00053152,621286,nan,15.3
USW00053152,621440,nan,16.299999999999997
USW00053152,621550,nan,15.2
USW00053152,621593,nan,16.65
USW00053152,621645,nan,14.5
USW00053152,621743,nan,15.6
USW00053152,621820,nan,16.0
USW00053152,621899,nan,15.5
USW00053152,621991,nan,15.75
USW00053152,622138,nan,15.0
USW00053152,622302,nan,17.0
USW00053152,622471,nan,16.2
USW00053152,622596,nan,13.05
USW00053152,622751,nan,15.6
USW00053152,622907,nan,13.5
USW00053152,623055,nan,17.75
USW00053152,623220,nan,16.35
USW00053152,623442,nan,17.5
USW00053152,623671,nan,9.95
USW00053152,623894,nan,9.350000000000001
USW00053152,624065,nan,13.2
USW00053152,624228,nan,10.2
USW00053152,624411,nan,11.0
USW00053152,624605,nan,11.75
USW00053152,624816,nan,13.3
USW00053152,625032,nan,13.75
USW00053152,625248,nan,14.15
USW00053152,625449,nan,13.85
USW00053152,625621,nan,11.25
USW00053152,625789,nan,13.05
USW00053152,625992,nan,11.8
USW00053152,626206,nan,8.05
USW00053152,626410,nan,15.5
USW00053152,626626,nan,7.65
USW00053152,626824,nan,8.399999999999999
USW00053152,627031,nan,10.0
USW00053152,627243,nan,11.850000000000001
USW00053152,627443,nan,9.7
USW00053152,627595,nan,12.4
USW00053152,627744,nan,8.5
USW00053152,627814,nan,14.75
USW00053152,627886,nan,12.8
USW00053152,627981,nan,12.3
USW00053152,628137,nan,8.6
USW00053152,628339,nan,10.45
USW00053152,628499,nan,10.5
USW00053152,628698,nan,8.100000000000001
USW00053152,628892,nan,7.35
USW00053152,629091,nan,4.0
USW00053152,629288,nan,4.4
USW00053152,629448,nan,10.4
USW00053152,629616,nan,6.2
USW00053152,629826,nan,3.45
USW00053152,630027,nan,4.25
USW00053152,630220,nan,5.8
USW00053152,630410,nan,7.7
USW00053152,630600,nan,11.25
USW00053152,630750,nan,10.7
USW00053152,630927,nan,8.600000000000001
USW00053152,631124,nan,8.05
USW00053152,631309,nan,6.4
USW00053152,631512,nan,9.350000000000001
USW00053152,631699,nan,14.899999999999999
USW00053152,631906,nan,14.75
USW00053152,632113,nan,11.55
USW00053152,632325,nan,9.95
USW00053152,632508,nan,10.9
USW00053152,632643,nan,11.649999999999999
USW00053152,632752,nan,11.75
USW00053152,632903,nan,12.2
USW00053152,633018,nan,13.6
USW00053152,633087,nan,14.1
USW00053152,633181,nan,12.7
USW00053152,633269,nan,10.7
USW00053152,633352,nan,13.95
USW00053152,633532,nan,7.6
USW00053152,633607,nan,12.3
USW00053152,633716,nan,6.35
USW00053152,633868,nan,9.45
USW00053152,633954,nan,10.75
USW00053152,634048,nan,9.5
USW00053152,634071,nan,8.9
USW00053152,634117,nan,4.699999999999999
USW00053152,634159,nan,9.8
USW00053152,634170,nan,14.4
USW00053152,634252,nan,8.55
USW00053152,634286,nan,5.65
USW00053152,634475,nan,11.3
USW00053152,634610,nan,9.0
USW00053152,634771,nan,5.300000000000001
USW00053175,634936,nan,8.0
USW00053175,642571,nan,13.5
USW00053175,642575,nan,21.0
USW00053175,642705,nan,12.5
USW00053175,643511,nan,11.0
USW00053175,643696,nan,13.0
USW00093104,658585,nan,19.5
USW00093104,660173,nan,8.5
USW00093107,663277,nan,14.7
USW00093107,663279,nan,15.5
USW00093107,663605,nan,17.7
USW00093107,666051,nan,12.75
USW00093107,669034,nan,17.0
USW00093107,673100,nan,24.5
USW00093107,673140,nan,16.0
USW00093107,673182,nan,16.0
USW00093107,673184,nan,16.0
USW00093107,673186,nan,16.05
USW00093110,679277,nan,8.05
USW00093110,688275,nan,15.0
USW00093110,688934,nan,13.15
USW00093111,691755,nan,20.0
USW00093111,691757,nan,20.0
USW00093111,691759,nan,19.0
USW00093111,691761,nan,18.5
USW00093111,691763,nan,18.0
USW00093111,691765,nan,17.5
USW00093111,691767,nan,15.5
USW00093111,691769,nan,15.0
USW00093111,691771,nan,15.5
USW00093111,691773,nan,14.5
USW00093111,699598,nan,16.1
USW00093111,701315,nan,15.05
USW00093111,701318,nan,13.3
USW00093111,701323,nan,12.9
USW00093111,702002,nan,13.45
USW00093111,702061,nan,12.5
USW00093111,702067,nan,13.5
USW00093111,702172,nan,12.9
USW00093111,702224,nan,13.15
USW00093111,702228,nan,12.65
USW00093111,702274,nan,13.45
USW00093111,702296,nan,14.2
USW00093111,702337,nan,11.399999999999999
USW00093111,702376,nan,11.95
USW00093111,702378,nan,11.7
USW00093111,702462,nan,15.55
USW00093111,702773,nan,16.95
USW00093111,702920,nan,15.0
USW00093111,703261,nan,17.8
USW00093111,703407,nan,15.85
USW00093111,703409,nan,16.35
USW00093111,703417,nan,17.85
USW00093111,703423,nan,16.4
USW00093111,703428,nan,16.9
USW00093111,703604,nan,16.0
USW00093111,703833,nan,15.0
USW00093111,703856,nan,17.0
USW00093111,703893,nan,18.049999999999997
USW00093111,703917,nan,14.15
USW00093111,703940,nan,20.25
USW00093111,704014,nan,12.6
USW00093111,704017,nan,11.649999999999999
USW00093111,704127,nan,14.7
USW00093111,704144,nan,16.4
USW00093111,704174,nan,16.95
USW00093111,704245,nan,8.1
USW00093111,704249,nan,7.5
USW00093111,704256,nan,13.5
USW00093111,704320,nan,8.7
USW00093111,704322,nan,11.2
USW00093111,704328,nan,14.95
USW00093111,704358,nan,14.350000000000001
USW00093111,704364,nan,14.600000000000001
USW00093111,704369,nan,13.05
USW00093111,704371,nan,12.8
USW00093111,704438,nan,11.350000000000001
USW00093111,704577,nan,11.1
USW00093111,704598,nan,8.3
USW00093111,704726,nan,9.7
USW00093111,704730,nan,8.600000000000001
USW00093111,704765,nan,9.9
USW00093111,704777,nan,13.95
USW00093111,704779,nan,14.0
USW00093111,704923,nan,8.850000000000001
USW00093111,704925,nan,9.4
USW00093111,704935,nan,20.45
USW00093111,704947,nan,18.65
USW00093111,705036,nan,11.5
USW00093111,705052,nan,13.2
USW00093111,705064,nan,11.7
USW00093111,705066,nan,11.149999999999999
USW00093111,705069,nan,11.0
USW00093111,705152,nan,14.95
USW00093111,705158,nan,14.5
USW00093111,705161,nan,15.3
USW00093111,705164,nan,15.35
USW00093111,705184,nan,14.2
USW00093111,705187,nan,14.2
USW00093115,715976,nan,10.0
USW00093115,716187,nan,8.4
USW00093115,716606,nan,12.9
USW00093115,717620,nan,14.7
USW00093115,728235,nan,17.5
USW00093115,730536,nan,28.85
USW00093115,731033,nan,14.65
USW00093115,731091,nan,15.8
USW00093115,731401,nan,27.200000000000003
USW00093115,732304,nan,-11.85
USW00093115,732395,nan,1.0
USW00093115,732404,nan,48.65
USW00093115,732424,nan,-11.7
USW00093115,732446,nan,30.9
USW00093115,732478,nan,12.65
USW00093115,732480,nan,-11.7
USW00093116,735242,nan,15.55
USW00093116,736435,nan,14.7
USW00093116,736531,nan,19.450000000000003
USW00093116,737781,nan,14.2
USW00093121,748935,nan,10.0
USW00093121,750883,nan,26.9
USW00093121,751571,nan,25.85
USW00093134,762672,nan,27.5
USW00093134,762678,nan,21.35
USW00093134,763582,nan,26.65
USW00093134,764149,nan,19.4
USW00093134,764169,nan,19.0
USW00093138,778623,nan,19.75
USW00093138,783233,nan,36.4
USW00093138,783392,nan,36.7
USW00093138,784425,nan,34.2
USW00093144,791229,nan,10.0
USW00093144,791559,nan,10.0
USW00093144,792052,nan,21.0
USW00093144,792982,nan,27.0
USW00093144,793368,nan,29.5
USW00093144,793371,nan,28.5
USW00093144,793436,nan,24.5
USW00093144,793488,nan,30.0
USW00093144,793528,nan,16.0
USW00093144,793530,nan,16.0
USW00093144,793587,nan,19.0
USW00093144,793622,nan,25.0
USW00093144,793680,nan,24.0
USW00093144,793686,nan,23.5
USW00093144,793717,nan,12.5
USW00093144,793728,nan,21.5
USW00093144,793731,nan,22.5
USW00093144,793733,nan,23.0
USW00093144,794030,nan,22.0
USW00093144,794147,nan,26.5
USW00093144,794149,nan,24.0
USW00093144,794154,nan,21.5
USW00093144,794202,nan,30.0
USW00093144,794205,nan,28.5
USW00093144,794233,nan,20.0
USW00093144,794255,nan,25.0
USW00093144,794284,nan,18.5
USW00093144,794287,nan,21.0
USW00093144,794289,nan,23.0
USW00093144,794368,nan,28.5
USW00093144,794512,nan,26.5
USW00093144,794537,nan,24.5
USW00093144,794547,nan,20.0
USW00093144,795196,nan,18.0
USW00093144,796654,nan,25.0
USW00093144,797655,nan,9.0
USW00093144,797671,nan,13.5
USW00093144,798656,nan,3.0
USW00093144,798665,nan,15.0
USW00093144,800881,nan,35.0
USW00093184,812450,nan,21.35
USW00093193,817339,nan,13.4
USW00093194,826112,nan,2.0
USW00093194,826119,nan,5.5
USW00093194,826121,nan,1.0
USW00093194,826173,nan,8.5
USW00093194,826203,nan,9.0
USW00093194,826247,nan,11.0
USW00093194,826357,nan,15.0
USW00093194,826519,nan,14.0
USW00093194,826650,nan,13.0
USW00093194,826726,nan,12.5
USW00093194,826761,nan,18.0
USW00093194,826763,nan,12.5
USW00093194,826766,nan,14.5
USW00093194,826795,nan,12.5
USW00093194,826819,nan,10.5
USW00093194,826842,nan,18.0
USW00093194,826918,nan,15.0
USW00093194,826929,nan,23.0
USW00093194,826960,nan,13.5
USW00093194,826993,nan,23.0
USW00093194,827051,nan,22.0
USW00093194,827078,nan,16.0
USW00093194,827116,nan,17.5
USW00093194,827157,nan,26.0
USW00093194,827175,nan,20.5
USW00093194,827249,nan,19.0
USW00093194,827284,nan,30.0
USW00093194,827310,nan,35.0
USW00093194,827429,nan,23.0
USW00093194,827564,nan,30.5
USW00093194,827599,nan,35.5
USW00093194,827773,nan,32.5
USW00093194,827835,nan,34.5
USW00093194,827854,nan,35.0
USW00093194,827911,nan,32.0
USW00093194,827919,nan,32.5
USW00093194,827934,nan,23.5
USW00093194,827958,nan,23.5
USW00093194,827963,nan,28.0
USW00093194,827977,nan,34.0
USW00093194,828017,nan,35.0
USW00093194,828032,nan,31.0
USW00093194,828081,nan,30.0
USW00093194,828256,nan,28.5
USW00093194,828275,nan,26.0
USW00093194,828297,nan,26.0
USW00093194,828304,nan,20.5
USW00093194,828431,nan,18.5
USW00093194,828450,nan,22.5
USW00093194,828519,nan,23.5
USW00093194,828524,nan,18.5
USW00093194,828530,nan,25.5
USW00093194,828626,nan,24.0
USW00093194,828649,nan,11.5
USW00093194,828678,nan,11.5
USW00093194,828680,nan,7.0
USW00093194,828703,nan,13.5
USW00093194,828765,nan,11.0
USW00093194,828772,nan,9.0
USW00093194,828793,nan,9.5
USW00093194,828811,nan,0.0
USW00093194,828820,nan,8.0
USW00093194,828827,nan,4.5
USW00093194,828831,nan,5.5
USW00093194,828855,nan,7.0
USW00093194,828863,nan,11.5
USW00093194,828917,nan,6.5
USW00093194,828939,nan,4.5
USW00093194,828980,nan,6.5
USW00093194,828995,nan,12.0
USW00093194,829034,nan,8.5
USW00093197,831341,nan,11.95
USW00093197,838706,nan,17.75
USW00093201,840586,nan,1.5
USW00093201,845173,nan,16.0
USW00093201,847485,nan,20.5
USW00093201,852813,nan,7.5
USW00093201,853177,nan,-23.5
USW00093201,853440,nan,-7.0
USW00093201,854450,nan,-2.0
USW00093203,854613,nan,10.0
USW00093203,854641,nan,13.0
USW00093203,854671,nan,9.5
USW00093203,854708,nan,8.5
USW00093203,854743,nan,6.5
USW00093203,854772,nan,7.0
USW00093203,854803,nan,6.5
USW00093203,854831,nan,6.0
USW00093203,854858,nan,7.0
USW00093203,854894,nan,7.5
USW00093203,854923,nan,7.0
USW00093203,854951,nan,8.0
USW00093203,854985,nan,13.5
USW00093203,855018,nan,11.0
USW00093203,856715,nan,1.5
USW00093203,856749,nan,5.0
USW00093203,856793,nan,6.5
USW00093203,856916,nan,5.5
USW00093203,856952,nan,8.0
USW00093203,856994,nan,8.0
USW00093203,857038,nan,9.0
USW00093203,857077,nan,5.5
USW00093203,857118,nan,9.0
USW00093203,857150,nan,9.0
USW00093203,857185,nan,4.0
USW00093203,857254,nan,14.0
USW00093203,857285,nan,13.0
USW00093203,857316,nan,10.5
USW00093203,857345,nan,6.0
USW00093203,857411,nan,8.0
USW00093203,857445,nan,2.0
USW00093203,857476,nan,7.0
USW00093203,857510,nan,4.5
USW00093203,857512,nan,6.0
USW00093203,857544,nan,3.0
USW00093203,857653,nan,7.0
USW00093203,857687,nan,10.0
USW00093203,857715,nan,11.0
USW00093203,857744,nan,8.0
USW00093203,857772,nan,9.0
USW00093203,857804,nan,7.5
USW00093203,857840,nan,4.0
USW00093203,857878,nan,10.0
USW00093203,857916,nan,9.0
USW00093203,857960,nan,8.5
USW00093203,857998,nan,10.5
USW00093203,858038,nan,9.0
USW00093203,858068,nan,8.0
USW00093203,858101,nan,8.0
USW00093203,858139,nan,9.0
USW00093203,858174,nan,11.0
USW00093203,858215,nan,8.5
USW00093203,858261,nan,11.5
USW00093203,858294,nan,12.0
USW00093203,858394,nan,5.5
USW00093203,858476,nan,9.0
USW00093203,858518,nan,12.0
USW00093203,858557,nan,9.0
USW00093203,858594,nan,10.0
USW00093203,858632,nan,6.5
USW00093203,858677,nan,6.5
USW00093203,858754,nan,10.5
USW00093203,858787,nan,10.5
USW00093203,858822,nan,4.0
USW00093203,858862,nan,9.5
USW00093203,858906,nan,12.0
USW00093203,858944,nan,12.5
USW00093203,858984,nan,13.5
USW00093203,859026,nan,14.5
USW00093203,859067,nan,12.0
USW00093203,859094,nan,12.5
USW00093203,859128,nan,14.0
USW00093203,859203,nan,12.0
USW00093203,859238,nan,5.0
USW00093203,859276,nan,7.5
USW00093203,859316,nan,11.0
USW00093203,859354,nan,11.0
USW00093203,859488,nan,13.5
USW00093203,859527,nan,19.0
USW00093203,859555,nan,15.0
USW00093203,859617,nan,18.5
USW00093203,859649,nan,18.0
USW00093203,859687,nan,19.0
USW00093203,859722,nan,20.5
USW00093203,859760,nan,18.0
USW00093203,859799,nan,18.0
USW00093203,859827,nan,19.0
USW00093203,859865,nan,13.0
USW00093203,859900,nan,14.5
USW00093203,859944,nan,18.0
USW00093203,859983,nan,18.0
USW00093203,860023,nan,20.0
USW00093203,860063,nan,18.0
USW00093203,860097,nan,15.5
USW00093203,860141,nan,14.0
USW00093203,860180,nan,14.5
USW00093203,860220,nan,12.5
USW00093203,860256,nan,13.0
USW00093203,860295,nan,17.0
USW00093203,860409,nan,21.0
USW00093203,860447,nan,15.5
USW00093203,860480,nan,20.0
USW00093203,860516,nan,21.5
USW00093203,860560,nan,23.0
USW00093203,860597,nan,23.5
USW00093203,860638,nan,20.0
USW00093203,860671,nan,17.0
USW00093203,860711,nan,17.5
USW00093203,860747,nan,18.5
USW00093203,860792,nan,19.0
USW00093203,860835,nan,20.0
USW00093203,860869,nan,19.0
USW00093203,860905,nan,18.0
USW00093203,860939,nan,19.0
USW00093203,860977,nan,20.5
USW00093203,861016,nan,22.0
USW00093203,861053,nan,22.5
USW00093203,861095,nan,21.5
USW00093203,861133,nan,17.5
USW00093203,861288,nan,22.5
USW00093203,861319,nan,24.0
USW00093203,861361,nan,24.0
USW00093203,861433,nan,18.5
USW00093203,861530,nan,22.0
USW00093203,861565,nan,21.5
USW00093203,861603,nan,18.0
USW00093203,861641,nan,15.0
USW00093203,861679,nan,15.5
USW00093203,861716,nan,18.0
USW00093203,861751,nan,18.0
USW00093203,861789,nan,18.0
USW00093203,861825,nan,18.0
USW00093203,861866,nan,19.0
USW00093203,861903,nan,19.0
USW00093203,862021,nan,18.0
USW00093203,862058,nan,19.0
USW00093203,862098,nan,18.0
USW00093203,862131,nan,17.0
USW00093203,862168,nan,17.5
USW00093203,862208,nan,15.0
USW00093203,862372,nan,20.0
USW00093203,862408,nan,20.0
USW00093203,862448,nan,15.0
USW00093203,862524,nan,18.0
USW00093203,862564,nan,15.0
USW00093203,862600,nan,14.5
USW00093203,862676,nan,19.5
USW00093203,862721,nan,18.0
USW00093203,862764,nan,22.0
USW00093203,862798,nan,18.0
USW00093203,862832,nan,15.0
USW00093203,862889,nan,15.0
USW00093203,862928,nan,14.0
USW00093203,863010,nan,21.5
USW00093203,863048,nan,18.5
USW00093203,863089,nan,18.0
USW00093203,863127,nan,17.5
USW00093203,863168,nan,15.0
USW00093203,863227,nan,18.0
USW00093203,863286,nan,12.0
USW00093203,863330,nan,13.0
USW00093203,863406,nan,15.5
USW00093203,863448,nan,14.0
USW00093203,863559,nan,17.0
USW00093203,863591,nan,16.0
USW00093203,863624,nan,16.0
USW00093203,863658,nan,13.0
USW00093203,863698,nan,13.0
USW00093203,863762,nan,13.0
USW00093203,863836,nan,15.0
USW00093203,863882,nan,14.5
USW00093203,863924,nan,15.0
USW00093203,863963,nan,15.0
USW00093203,863988,nan,16.0
USW00093203,864062,nan,18.0
USW00093203,864100,nan,17.5
USW00093203,864135,nan,19.0
USW00093203,864170,nan,13.0
USW00093203,864202,nan,14.0
USW00093203,864235,nan,14.0
USW00093203,864262,nan,17.0
USW00093203,864367,nan,16.5
USW00093203,864401,nan,19.0
USW00093203,864439,nan,13.0
USW00093203,864484,nan,13.0
USW00093203,864571,nan,16.5
USW00093203,864605,nan,16.5
USW00093203,864645,nan,14.5
USW00093203,864673,nan,13.0
USW00093203,864837,nan,12.0
USW00093203,864867,nan,14.0
USW00093203,864900,nan,8.0
USW00093203,864934,nan,7.0
USW00093203,864969,nan,3.0
USW00093203,865004,nan,10.0
USW00093203,865037,nan,10.0
USW00093203,865066,nan,13.0
USW00093203,865091,nan,13.5
USW00093203,865127,nan,8.5
USW00093203,865270,nan,13.0
USW00093203,865309,nan,12.5
USW00093205,868168,nan,13.600000000000001
USW00093205,868171,nan,11.149999999999999
USW00093205,870170,nan,11.05
USW00093205,870740,nan,18.05
USW00093205,873083,nan,22.8
USW00093205,874986,nan,17.200000000000003
USW00093205,876686,nan,12.9
USW00093206,881883,nan,15.55
USW00093206,890172,nan,18.6
USW00093209,904634,nan,13.5
USW00093210,906046,nan,13.600000000000001
USW00093210,908410,nan,10.0
USW00093210,908533,nan,17.25
USW00093210,910108,nan,22.5
USW00093210,912956,nan,20.0
USW00093214,914968,nan,13.45
USW00093214,917102,nan,11.85
USW00093214,917106,nan,12.9
USW00093214,918404,nan,14.100000000000001
USW00093214,924679,nan,13.5
USW00093214,925799,nan,17.0
USW00093214,925968,nan,16.7
USW00093214,928602,nan,13.5
USW00093214,928785,nan,16.950000000000003
USW00093216,934903,nan,15.0
USW00093216,935665,nan,5.0
USW00093216,939419,nan,32.5
USW00093216,948167,nan,15.0
USW00093225,949321,nan,6.85
USW00093225,955955,nan,15.5
USW00093225,956134,nan,24.15
USW00093225,956136,nan,29.15
USW00093225,956663,nan,9.2
USW00093225,957162,nan,14.2
USW00093225,957198,nan,3.5999999999999996
USW00093225,957853,nan,9.4
USW00093225,958259,nan,6.05
USW00093225,958526,nan,9.0
USW00093225,958587,nan,5.0
USW00093227,961162,nan,15.8
USW00093227,961429,nan,13.65
USW00093227,962041,nan,16.1
USW00093227,964338,nan,18.9
USW00093227,966921,nan,18.049999999999997
USW00093231,990383,nan,8.5
USW00093231,990406,nan,12.5
USW00093231,991481,nan,11.0
USW00093231,991958,nan,14.5
USW00093231,992108,nan,18.0
USW00093231,993615,nan,23.5
USW00093231,993796,nan,32.0
USW00093231,994134,nan,18.0
USW00093232,995984,nan,15.0
USW00093232,996207,nan,10.5
USW00093232,997343,nan,14.0
USW00093232,998195,nan,26.5
USW00093232,999321,nan,19.5
USW00093232,999363,nan,16.0
USW00093232,999473,nan,22.5
USW00093232,999534,nan,15.5
USW00093232,1000609,nan,12.5
USW00093241,1003042,nan,19.0
USW00093241,1007619,nan,29.0
USW00093241,1007643,nan,30.0
USW00093241,1007691,nan,32.0
USW00093241,1007731,nan,27.5
USW00093241,1008025,nan,26.5
USW00093241,1009759,nan,10.85
USW00093242,1012159,nan,16.1
USW00093242,1016254,nan,27.8
USW00093243,1020142,nan,4.95
USW00093243,1020339,nan,5.15
USW00093243,1020508,nan,9.95
USW00093243,1020621,nan,9.1
USW00093243,1020749,nan,7.1
USW00093243,1020831,nan,6.2
USW00093243,1020957,nan,3.3
USW00093243,1021095,nan,5.65
USW00093243,1021199,nan,6.65
USW00093243,1021310,nan,7.3
USW00093243,1021393,nan,5.95
USW00093243,1021524,nan,6.0
USW00093243,1021714,nan,12.5
USW00093243,1021922,nan,6.1
USW00093243,1022141,nan,3.65
USW00093243,1022286,nan,8.75
USW00093243,1022440,nan,4.75
USW00093243,1022565,nan,10.0
USW00093243,1022717,nan,8.75
USW00093243,1022882,nan,7.95
USW00093243,1023027,nan,7.6
USW00093243,1023158,nan,4.5
USW00093243,1023337,nan,3.5
USW00093243,1023512,nan,4.05
USW00093243,1023676,nan,7.05
USW00093243,1023811,nan,9.1
USW00093243,1023964,nan,7.7
USW00093243,1024160,nan,4.3
USW00093243,1024356,nan,5.199999999999999
USW00093243,1024553,nan,10.55
USW00093243,1024658,nan,11.5
USW00093243,1024782,nan,3.95
USW00093243,1025005,nan,5.9
USW00093243,1025210,nan,8.8
USW00093243,1025411,nan,5.7
USW00093243,1025608,nan,8.45
USW00093243,1025733,nan,11.45
USW00093243,1025869,nan,11.649999999999999
USW00093243,1026015,nan,8.1
USW00093243,1026186,nan,8.149999999999999
USW00093243,1026356,nan,10.05
USW00093243,1026525,nan,6.6
USW00093243,1026723,nan,8.2
USW00093243,1026922,nan,7.1
USW00093243,1027143,nan,7.9
USW00093243,1027332,nan,6.65
USW00093243,1027542,nan,8.100000000000001
USW00093243,1027754,nan,9.3
USW00093243,1027836,nan,12.55
USW00093243,1027957,nan,8.5
USW00093243,1028152,nan,8.649999999999999
USW00093243,1028339,nan,10.5
USW00093243,1028480,nan,10.649999999999999
USW00093243,1028681,nan,8.6
USW00093243,1028834,nan,8.2
USW00093243,1029010,nan,4.550000000000001
USW00093243,1029144,nan,8.75
USW00093243,1029306,nan,6.6
USW00093243,1029498,nan,8.95
USW00093243,1029666,nan,11.8
USW00093243,1029840,nan,6.6
USW00093243,1030042,nan,8.8
USW00093243,1030239,nan,10.7
USW00093243,1030424,nan,8.65
USW00093243,1030607,nan,5.45
USW00093243,1030797,nan,5.05
USW00093243,1030833,nan,2.55
USW00093243,1030999,nan,6.300000000000001
USW00093243,1031197,nan,8.3
USW00093243,1031406,nan,8.8
USW00093243,1031608,nan,3.2
USW00093243,1031808,nan,4.15
USW00093243,1032011,nan,2.9
USW00093243,1032215,nan,6.95
USW00093243,1032384,nan,5.9
USW00093243,1032588,nan,7.550000000000001
USW00093243,1032793,nan,5.800000000000001
USW00093243,1032877,nan,9.05
USW00093243,1033005,nan,7.0
USW00093243,1033234,nan,10.3
USW00093243,1033465,nan,9.55
USW00093243,1033674,nan,12.9
USW00093243,1033902,nan,8.899999999999999
USW00093243,1034127,nan,8.3
USW00093243,1034364,nan,8.5
USW00093243,1034574,nan,7.1
USW00093243,1034799,nan,7.35
USW00093243,1035033,nan,10.15
USW00093243,1035115,nan,10.5
USW00093243,1035256,nan,5.15
USW00093243,1035476,nan,5.35
USW00093243,1035712,nan,7.1
USW00093243,1035937,nan,6.25
USW00093243,1036153,nan,13.95
USW00093243,1036350,nan,8.55
USW00093243,1036554,nan,7.15
USW00093243,1036774,nan,4.85
USW00093243,1036977,nan,7.55
USW00093243,1037193,nan,2.45
USW00093243,1037356,nan,9.3
USW00093243,1037553,nan,2.0
USW00093243,1037774,nan,3.25
USW00093243,1037991,nan,6.65
USW00093243,1038071,nan,12.0
USW00093243,1038219,nan,8.7
USW00093243,1038419,nan,11.25
USW00093243,1038629,nan,11.85
USW00093243,1038787,nan,8.35
USW00093243,1038959,nan,7.45
USW00093243,1039154,nan,6.2
USW00093243,1039375,nan,4.85
USW00093243,1039590,nan,10.05
USW00093243,1039806,nan,8.65
USW00093243,1040037,nan,9.45
USW00093243,1040251,nan,10.75
USW00093243,1040463,nan,11.0
USW00093243,1040646,nan,7.45
USW00093243,1040819,nan,7.55
USW00093243,1040991,nan,7.7
USW00093243,1041205,nan,10.45
USW00093243,1041421,nan,9.95
USW00093243,1041642,nan,11.05
USW00093243,1041863,nan,11.4
USW00093243,1042086,nan,8.7
USW00093243,1042328,nan,5.35
USW00093243,1042541,nan,4.45
USW00093243,1042750,nan,7.0
USW00093243,1042983,nan,9.65
USW00093243,1043198,nan,8.75
USW00093243,1043438,nan,14.05
USW00093243,1043676,nan,10.0
USW00093243,1043906,nan,5.35
USW00093243,1044116,nan,7.6000000000000005
USW00093243,1044354,nan,11.95
USW00093243,1044397,nan,9.05
USW00093243,1044598,nan,9.1
USW00093243,1044824,nan,8.3
USW00093243,1045043,nan,5.949999999999999
USW00093243,1045115,nan,8.45
USW00093243,1045267,nan,7.8
USW00093243,1045488,nan,10.100000000000001
USW00093243,1045719,nan,13.2
USW00093243,1045953,nan,10.75
USW00093243,1046175,nan,13.95
USW00093243,1046409,nan,10.95
USW00093243,1046607,nan,12.6
USW00093243,1046812,nan,10.35
USW00093243,1047029,nan,10.5
USW00093243,1047257,nan,8.5
USW00093243,1047495,nan,5.550000000000001
USW00093243,1047725,nan,6.85
USW00093243,1047934,nan,7.25
USW00093243,1048154,nan,8.5
USW00093243,1048320,nan,12.7
USW00093243,1048524,nan,11.45
USW00093243,1048740,nan,9.649999999999999
USW00093243,1048961,nan,11.6
USW00093243,1049186,nan,10.3
USW00093243,1049419,nan,16.0
USW00093243,1049643,nan,13.85
USW00093243,1049861,nan,12.4
USW00093243,1050083,nan,16.55
USW00093243,1050298,nan,15.5
USW00093243,1050529,nan,17.85
USW00093243,1050749,nan,18.45
USW00093243,1050973,nan,15.65
USW00093243,1051203,nan,15.0
USW00093243,1051440,nan,14.5
USW00093243,1051672,nan,9.35
USW00093243,1051884,nan,12.05
USW00093243,1052079,nan,20.4
USW00093243,1052299,nan,17.8
USW00093243,1052532,nan,15.45
USW00093243,1052765,nan,15.55
USW00093243,1052998,nan,12.649999999999999
USW00093243,1053219,nan,9.3
USW00093243,1053455,nan,15.700000000000001
USW00093243,1053687,nan,10.75
USW00093243,1053913,nan,9.55
USW00093243,1053965,nan,7.8
USW00093243,1054142,nan,13.4
USW00093243,1054372,nan,13.0
USW00093243,1054611,nan,17.35
USW00093243,1054836,nan,14.45
USW00093243,1055071,nan,16.25
USW00093243,1055264,nan,15.15
USW00093243,1055470,nan,18.9
USW00093243,1055677,nan,20.95
USW00093243,1055903,nan,17.8
USW00093243,1056122,nan,18.4
USW00093243,1056358,nan,11.95
USW00093243,1056584,nan,13.25
USW00093243,1056799,nan,15.8
USW00093243,1057024,nan,15.45
USW00093243,1057254,nan,16.549999999999997
USW00093243,1057477,nan,14.55
USW00093243,1057697,nan,15.0
USW00093243,1057922,nan,15.6
USW00093243,1058154,nan,14.25
USW00093243,1058390,nan,15.05
USW00093243,1058622,nan,18.05
USW00093243,1058844,nan,17.85
USW00093243,1059068,nan,16.15
USW00093243,1059289,nan,18.25
USW00093243,1059517,nan,18.75
USW00093243,1059731,nan,21.15
USW00093243,1059959,nan,21.4
USW00093243,1060182,nan,20.55
USW00093243,1060410,nan,17.5
USW00093243,1060637,nan,13.6
USW00093243,1060869,nan,14.65
USW00093243,1061091,nan,12.7
USW00093243,1061327,nan,14.9
USW00093243,1061544,nan,18.0
USW00093243,1061761,nan,18.15
USW00093243,1061985,nan,13.8
USW00093243,1062214,nan,12.05
USW00093243,1062445,nan,13.05
USW00093243,1062664,nan,12.649999999999999
USW00093243,1062884,nan,16.1
USW00093243,1063104,nan,16.200000000000003
USW00093243,1063328,nan,14.850000000000001
USW00093243,1063562,nan,14.95
USW00093243,1063791,nan,16.85
USW00093243,1064014,nan,15.8
USW00093243,1064231,nan,14.7
USW00093243,1064447,nan,12.05
USW00093243,1064670,nan,13.5
USW00093243,1064908,nan,15.100000000000001
USW00093243,1065135,nan,15.1
USW00093243,1065364,nan,15.3
USW00093243,1065590,nan,15.0
USW00093243,1065809,nan,12.6
USW00093243,1066032,nan,16.6
USW00093243,1066245,nan,14.7
USW00093243,1066468,nan,14.05
USW00093243,1066689,nan,13.05
USW00093243,1066912,nan,15.9
USW00093243,1067139,nan,15.9
USW00093243,1067355,nan,12.3
USW00093243,1067585,nan,16.25
USW00093243,1067813,nan,14.9
USW00093243,1068048,nan,12.350000000000001
USW00093243,1068117,nan,12.35
USW00093243,1068276,nan,13.2
USW00093243,1068505,nan,15.45
USW00093243,1068725,nan,19.55
USW00093243,1068946,nan,20.3
USW00093243,1069173,nan,15.45
USW00093243,1069417,nan,13.7
USW00093243,1069643,nan,11.399999999999999
USW00093243,1069870,nan,11.8
USW00093243,1070098,nan,11.45
USW00093243,1070164,nan,13.0
USW00093243,1070321,nan,13.45
USW00093243,1070543,nan,13.45
USW00093243,1070759,nan,17.049999999999997
USW00093243,1070979,nan,16.75
USW00093243,1071186,nan,16.15
USW00093243,1071423,nan,11.95
USW00093243,1071654,nan,14.350000000000001
USW00093243,1071871,nan,15.649999999999999
USW00093243,1072084,nan,9.05
USW00093243,1072311,nan,12.399999999999999
USW00093243,1072382,nan,13.95
USW00093243,1072538,nan,13.6
USW00093243,1072765,nan,13.8
USW00093243,1073010,nan,11.95
USW00093243,1073229,nan,11.45
USW00093243,1073458,nan,11.3
USW00093243,1073691,nan,12.0
USW00093243,1073927,nan,13.75
USW00093243,1074147,nan,14.1
USW00093243,1074362,nan,13.7
USW00093243,1074576,nan,12.6
USW00093243,1074809,nan,13.5
USW00093243,1075036,nan,12.350000000000001
USW00093243,1075265,nan,11.45
USW00093243,1075498,nan,11.7
USW00093243,1075724,nan,13.600000000000001
USW00093243,1075950,nan,16.75
USW00093243,1076182,nan,14.15
USW00093243,1076415,nan,17.75
USW00093243,1076632,nan,20.45
USW00093243,1076847,nan,19.15
USW00093243,1077075,nan,18.4
USW00093243,1077287,nan,19.8
USW00093243,1077498,nan,21.85
USW00093243,1077706,nan,14.3
USW00093243,1077893,nan,14.1
USW00093243,1078087,nan,9.7
USW00093243,1078271,nan,13.2
USW00093243,1078474,nan,11.100000000000001
USW00093243,1078690,nan,11.8
USW00093243,1078738,nan,8.75
USW00093243,1078909,nan,13.5
USW00093243,1079132,nan,15.850000000000001
USW00093243,1079353,nan,14.7
USW00093243,1079583,nan,14.8
USW00093243,1079807,nan,15.2
USW00093243,1080038,nan,17.0
USW00093243,1080270,nan,15.05
USW00093243,1080477,nan,14.95
USW00093243,1080665,nan,10.25
USW00093243,1080860,nan,11.45
USW00093243,1081074,nan,11.45
USW00093243,1081296,nan,12.0
USW00093243,1081503,nan,11.7
USW00093243,1081696,nan,14.0
USW00093243,1081865,nan,13.7
USW00093243,1082011,nan,13.649999999999999
USW00093243,1082225,nan,8.1
USW00093243,1082406,nan,7.35
USW00093243,1082633,nan,8.0
USW00093243,1082851,nan,10.9
USW00093243,1083033,nan,12.6
USW00093243,1083213,nan,9.3
USW00093243,1083427,nan,9.850000000000001
USW00093243,1083645,nan,11.25
USW00093243,1083865,nan,10.1
USW00093243,1084073,nan,11.850000000000001
USW00093243,1084303,nan,13.0
USW00093243,1084533,nan,12.399999999999999
USW00093243,1084756,nan,10.75
USW00093243,1084897,nan,9.75
USW00093243,1085133,nan,5.25
USW00093243,1085227,nan,9.75
USW00093243,1085347,nan,12.149999999999999
USW00093243,1085425,nan,11.65
USW00093243,1085557,nan,12.0
USW00093243,1085753,nan,3.85
USW00093243,1085964,nan,6.45
USW00093243,1086192,nan,5.5
USW00093243,1086417,nan,8.350000000000001
USW00093243,1086648,nan,7.4
USW00093243,1086877,nan,5.85
USW00093243,1087110,nan,5.35
USW00093243,1087329,nan,8.0
USW00093243,1087502,nan,8.1
USW00093243,1087653,nan,7.8
USW00093243,1087847,nan,8.9
USW00093243,1087991,nan,5.95
USW00093243,1088033,nan,9.75
USW00093243,1088188,nan,4.4
USW00093243,1088382,nan,-0.8
USW00093243,1088600,nan,0.0
USW00093243,1088682,nan,3.4
USW00093243,1088811,nan,3.6
USW00093243,1088981,nan,3.0
USW00093243,1089189,nan,-0.75
USW00093243,1089409,nan,-0.75
USW00093243,1089487,nan,6.15
USW00093243,1089600,nan,0.25
USW00093243,1089699,nan,7.65
USW00093243,1089806,nan,2.95
USW00093243,1089827,nan,1.65
USW00093243,1089919,nan,7.75
USW00093243,1090019,nan,7.15
USW00093243,1090185,nan,7.449999999999999
USW00093243,1090336,nan,11.25
USW00093243,1090418,nan,14.15
USW00093243,1090504,nan,10.1
USW00093243,1090688,nan,7.5
USW00093243,1090895,nan,6.550000000000001
USW00093243,1091051,nan,11.65
USW00093243,1091188,nan,8.4
USW00093243,1091369,nan,10.55
USW00093243,1091492,nan,13.45
USW00093243,1091592,nan,12.25
USW00093243,1091678,nan,11.7
USW00093243,1091788,nan,9.6
USW00093243,1091981,nan,4.25
USW00093243,1092115,nan,7.1
USW00093243,1092203,nan,12.149999999999999
USW00093243,1092287,nan,12.95
USW00093243,1092420,nan,8.7
USW00093243,1092560,nan,4.25
USW00093243,1092696,nan,11.0
USW00093243,1092833,nan,10.9
USW00093243,1093034,nan,4.199999999999999
USW00093243,1093188,nan,9.4
USW00093243,1093329,nan,5.800000000000001
USW00093243,1093423,nan,11.05
USW00093243,1093535,nan,5.449999999999999
USW00093243,1093747,nan,5.55
USW00093243,1093882,nan,8.9
USW00093243,1094053,nan,5.45
USW00093243,1094254,nan,0.8
USW00093244,1102000,nan,22.0
USW00093244,1104124,nan,32.0
USW00093244,1108803,nan,18.5
USW00093245,1110110,nan,11.149999999999999
USW00093245,1110177,nan,11.9
USW00093245,1110333,nan,7.3
USW00093245,1110504,nan,8.5
USW00093245,1110659,nan,8.45
USW00093245,1110837,nan,8.350000000000001
USW00093245,1111000,nan,7.75
USW00093245,1111135,nan,8.95
USW00093245,1111147,nan,8.3
USW00093245,1111295,nan,8.05
USW00093245,1111305,nan,7.25
USW00093245,1111425,nan,7.6
USW00093245,1111576,nan,9.45
USW00093245,1111696,nan,11.899999999999999
USW00093245,1111708,nan,11.8
USW00093245,1111781,nan,12.45
USW00093245,1111914,nan,9.2
USW00093245,1112085,nan,9.1
USW00093245,1112211,nan,10.45
USW00093245,1112328,nan,11.5
USW00093245,1112440,nan,11.350000000000001
USW00093245,1112541,nan,12.25
USW00093245,1112672,nan,11.75
USW00093245,1112818,nan,11.55
USW00093245,1112946,nan,8.05
USW00093245,1113098,nan,9.55
USW00093245,1113250,nan,8.1
USW00093245,1113335,nan,8.6
USW00093245,1113445,nan,10.45
USW00093245,1113558,nan,10.7
USW00093245,1113690,nan,8.850000000000001
USW00093245,1113834,nan,9.1
USW00093245,1113952,nan,10.75
USW00093245,1114098,nan,8.0
USW00093245,1114243,nan,9.9
USW00093245,1114255,nan,10.55
USW00093245,1114370,nan,9.850000000000001
USW00093245,1114510,nan,9.0
USW00093245,1114663,nan,9.3
USW00093245,1114765,nan,12.05
USW00093245,1114903,nan,11.15
USW00093245,1115046,nan,10.350000000000001
USW00093245,1115154,nan,10.0
USW00093245,1115310,nan,8.350000000000001
USW00093245,1115465,nan,7.4
USW00093245,1115612,nan,10.5
USW00093245,1115735,nan,12.05
USW00093245,1115852,nan,10.9
USW00093245,1116006,nan,9.149999999999999
USW00093245,1116159,nan,11.850000000000001
USW00093245,1116277,nan,11.65
USW00093245,1116454,nan,10.8
USW00093245,1116579,nan,9.45
USW00093245,1116690,nan,8.9
USW00093245,1116826,nan,8.850000000000001
USW00093245,1116949,nan,10.350000000000001
USW00093245,1117061,nan,9.1
USW00093245,1117238,nan,8.6
USW00093245,1117361,nan,12.6
USW00093245,1117479,nan,10.55
USW00093245,1117626,nan,11.55
USW00093245,1117728,nan,10.149999999999999
USW00093245,1117872,nan,11.0
USW00093245,1118042,nan,10.9
USW00093245,1118160,nan,12.149999999999999
USW00093245,1118285,nan,11.8
USW00093245,1118449,nan,7.45
USW00093245,1118627,nan,7.050000000000001
USW00093245,1118780,nan,9.0
USW00093245,1118955,nan,11.3
USW00093245,1119074,nan,10.55
USW00093245,1119212,nan,8.1
USW00093245,1119369,nan,8.350000000000001
USW00093245,1119502,nan,7.4
USW00093245,1119663,nan,10.2
USW00093245,1119784,nan,8.2
USW00093245,1119953,nan,8.649999999999999
USW00093245,1120132,nan,8.55
USW00093245,1120334,nan,9.45
USW00093245,1120494,nan,10.649999999999999
USW00093245,1120642,nan,7.65
USW00093245,1120830,nan,14.65
USW00093245,1121044,nan,10.100000000000001
USW00093245,1121236,nan,8.35
USW00093245,1121395,nan,10.7
USW00093245,1121510,nan,8.649999999999999
USW00093245,1121680,nan,9.45
USW00093245,1121815,nan,10.4
USW00093245,1121971,nan,8.5
USW00093245,1122130,nan,7.5
USW00093245,1122313,nan,7.35
USW00093245,1122463,nan,12.0
USW00093245,1122539,nan,11.5
USW00093245,1122685,nan,8.4
USW00093245,1122854,nan,6.1
USW00093245,1123001,nan,8.149999999999999
USW00093245,1123134,nan,6.25
USW00093245,1123280,nan,9.5
USW00093245,1123413,nan,6.4
USW00093245,1123597,nan,8.0
USW00093245,1123763,nan,9.2
USW00093245,1123925,nan,10.149999999999999
USW00093245,1124034,nan,9.149999999999999
USW00093245,1124215,nan,8.1
USW00093245,1124328,nan,11.1
USW00093245,1124462,nan,10.55
USW00093245,1124612,nan,9.6
USW00093245,1124748,nan,9.649999999999999
USW00093245,1124891,nan,8.0
USW00093245,1125074,nan,10.45
USW00093245,1125229,nan,13.0
USW00093245,1125372,nan,9.25
USW00093245,1125541,nan,10.45
USW00093245,1125672,nan,9.8
USW00093245,1125817,nan,9.850000000000001
USW00093245,1125929,nan,9.05
USW00093245,1126082,nan,8.899999999999999
USW00093245,1126230,nan,9.6
USW00093245,1126343,nan,8.850000000000001
USW00093245,1126502,nan,9.1
USW00093245,1126627,nan,11.149999999999999
USW00093245,1126734,nan,8.5
USW00093245,1126899,nan,8.1
USW00093245,1127017,nan,9.0
USW00093245,1127148,nan,9.05
USW00093245,1127248,nan,9.05
USW00093245,1127368,nan,8.75
USW00093245,1127487,nan,8.45
USW00093245,1127617,nan,8.3
USW00093245,1127727,nan,8.05
USW00093245,1127890,nan,8.1
USW00093245,1128015,nan,8.7
USW00093245,1128141,nan,9.1
USW00093245,1128296,nan,9.05
USW00093245,1128435,nan,7.7
USW00093245,1128575,nan,8.6
USW00093245,1128685,nan,8.8
USW00093245,1128825,nan,9.149999999999999
USW00093245,1128967,nan,8.7
USW00093245,1129073,nan,9.0
USW00093245,1129194,nan,9.25
USW00093245,1129275,nan,10.7
USW00093245,1129408,nan,10.05
USW00093245,1129563,nan,9.55
USW00093245,1129689,nan,9.05
USW00093245,1129838,nan,6.65
USW00093245,1130006,nan,8.2
USW00093245,1130152,nan,9.2
USW00093245,1130292,nan,11.2
USW00093245,1130396,nan,10.0
USW00093245,1130586,nan,10.45
USW00093245,1130753,nan,8.75
USW00093245,1130922,nan,10.2
USW00093245,1131083,nan,10.149999999999999
USW00093245,1131237,nan,10.3
USW00093245,1131358,nan,10.5
USW00093245,1131483,nan,10.95
USW00093245,1131605,nan,12.25
USW00093245,1131754,nan,13.7
USW00093245,1131900,nan,12.7
USW00093245,1131966,nan,14.75
USW00093245,1132028,nan,12.7
USW00093245,1132157,nan,11.75
USW00093245,1132269,nan,10.0
USW00093245,1132410,nan,10.45
USW00093245,1132560,nan,10.4
USW00093245,1132675,nan,10.1
USW00093245,1132816,nan,8.9
USW00093245,1132998,nan,10.1
USW00093245,1133163,nan,9.15
USW00093245,1133301,nan,9.3
USW00093245,1133423,nan,8.9
USW00093245,1133558,nan,8.7
USW00093245,1133695,nan,8.8
USW00093245,1133832,nan,9.4
USW00093245,1133946,nan,9.3
USW00093245,1134084,nan,9.1
USW00093245,1134263,nan,8.149999999999999
USW00093245,1134438,nan,9.8
USW00093245,1134547,nan,10.1
USW00093245,1134635,nan,9.8
USW00093245,1134770,nan,9.8
USW00093245,1134933,nan,10.2
USW00093245,1135103,nan,10.0
USW00093245,1135276,nan,10.8
USW00093245,1135415,nan,9.95
USW00093245,1135543,nan,9.25
USW00093245,1135663,nan,9.8
USW00093245,1135798,nan,9.350000000000001
USW00093245,1135965,nan,9.45
USW00093245,1136107,nan,10.6
USW00093245,1136202,nan,11.25
USW00093245,1136289,nan,11.55
USW00093245,1136399,nan,11.5
USW00093245,1136515,nan,10.45
USW00093245,1136621,nan,10.95
USW00093245,1136729,nan,11.2
USW00093245,1136832,nan,11.649999999999999
USW00093245,1136929,nan,12.95
USW00093245,1137054,nan,12.45
USW00093245,1137191,nan,12.1
USW00093245,1137313,nan,12.0
USW00093245,1137428,nan,11.850000000000001
USW00093245,1137566,nan,11.75
USW00093245,1137707,nan,10.7
USW00093245,1137884,nan,10.8
USW00093245,1138000,nan,10.6
USW00093245,1138114,nan,9.9
USW00093245,1138219,nan,11.3
USW00093245,1138335,nan,11.05
USW00093245,1138452,nan,10.05
USW00093245,1138577,nan,11.5
USW00093245,1138683,nan,11.649999999999999
USW00093245,1138807,nan,12.5
USW00093245,1138939,nan,11.149999999999999
USW00093245,1139060,nan,11.9
USW00093245,1139192,nan,11.05
USW00093245,1139331,nan,11.55
USW00093245,1139454,nan,10.1
USW00093245,1139570,nan,10.649999999999999
USW00093245,1139688,nan,11.05
USW00093245,1139804,nan,11.0
USW00093245,1139924,nan,9.95
USW00093245,1140036,nan,10.75
USW00093245,1140158,nan,11.649999999999999
USW00093245,1140267,nan,11.1
USW00093245,1140382,nan,10.05
USW00093245,1140483,nan,10.1
USW00093245,1140619,nan,10.8
USW00093245,1140747,nan,9.9
USW00093245,1140873,nan,11.2
USW00093245,1141004,nan,12.8
USW00093245,1141136,nan,10.7
USW00093245,1141255,nan,10.9
USW00093245,1141398,nan,11.2
USW00093245,1141555,nan,11.1
USW00093245,1141678,nan,10.45
USW00093245,1141806,nan,11.2
USW00093245,1141941,nan,11.2
USW00093245,1142119,nan,10.2
USW00093245,1142316,nan,11.25
USW00093245,1142510,nan,13.35
USW00093245,1142673,nan,14.05
USW00093245,1142796,nan,11.8
USW00093245,1142949,nan,10.9
USW00093245,1143071,nan,9.6
USW00093245,1143212,nan,10.7
USW00093245,1143362,nan,10.4
USW00093245,1143418,nan,12.5
USW00093245,1143513,nan,10.350000000000001
USW00093245,1143702,nan,11.75
USW00093245,1143887,nan,11.850000000000001
USW00093245,1144015,nan,10.3
USW00093245,1144144,nan,11.6
USW00093245,1144291,nan,9.0
USW00093245,1144489,nan,10.55
USW00093245,1144635,nan,12.149999999999999
USW00093245,1144772,nan,10.7
USW00093245,1144925,nan,10.649999999999999
USW00093245,1145084,nan,8.75
USW00093245,1145232,nan,9.4
USW00093245,1145349,nan,11.7
USW00093245,1145459,nan,11.2
USW00093245,1145572,nan,10.649999999999999
USW00093245,1145722,nan,12.3
USW00093245,1145867,nan,12.850000000000001
USW00093245,1145997,nan,14.95
USW00093245,1146139,nan,15.1
USW00093245,1146249,nan,12.6
USW00093245,1146324,nan,14.05
USW00093245,1146406,nan,12.55
USW00093245,1146542,nan,11.4
USW00093245,1146689,nan,9.6
USW00093245,1146875,nan,10.5
USW00093245,1147069,nan,10.2
USW00093245,1147254,nan,10.45
USW00093245,1147314,nan,12.85
USW00093245,1147419,nan,10.8
USW00093245,1147603,nan,10.649999999999999
USW00093245,1147789,nan,9.2
USW00093245,1147929,nan,11.25
USW00093245,1148034,nan,13.25
USW00093245,1148177,nan,11.3
USW00093245,1148291,nan,11.649999999999999
USW00093245,1148379,nan,11.7
USW00093245,1148494,nan,10.2
USW00093245,1148678,nan,9.25
USW00093245,1148849,nan,13.0
USW00093245,1149016,nan,9.75
USW00093245,1149197,nan,9.05
USW00093245,1149364,nan,12.55
USW00093245,1149510,nan,11.6
USW00093245,1149679,nan,11.5
USW00093245,1149896,nan,15.2
USW00093245,1150116,nan,12.6
USW00093245,1150308,nan,10.75
USW00093245,1150475,nan,11.05
USW00093245,1150602,nan,9.2
USW00093245,1150703,nan,10.5
USW00093245,1150824,nan,9.25
USW00093245,1150944,nan,9.5
USW00093245,1151061,nan,12.7
USW00093245,1151192,nan,13.0
USW00093245,1151253,nan,10.8
USW00093245,1151313,nan,13.05
USW00093245,1151413,nan,12.4
USW00093245,1151560,nan,11.2
USW00093245,1151721,nan,7.45
USW00093245,1151904,nan,14.25
USW00093245,1152047,nan,10.95
USW00093245,1152149,nan,12.55
USW00093245,1152286,nan,13.5
USW00093245,1152443,nan,10.8
USW00093245,1152610,nan,11.4
USW00093245,1152772,nan,10.350000000000001
USW00093245,1152924,nan,12.0
USW00093245,1153099,nan,12.7
USW00093245,1153188,nan,12.75
USW00093245,1153314,nan,13.350000000000001
USW00093245,1153419,nan,10.75
USW00093245,1153547,nan,10.4
USW00093245,1153698,nan,11.7
USW00093245,1153831,nan,11.0
USW00093245,1154033,nan,7.05
USW00093245,1154207,nan,8.95
USW00093245,1154368,nan,11.95
USW00093245,1154487,nan,12.05
USW00093245,1154625,nan,10.1
USW00093245,1154798,nan,9.25
USW00093245,1154975,nan,9.55
USW00093245,1155116,nan,11.4
USW00093245,1155249,nan,9.25
USW00093245,1155412,nan,8.0
USW00093245,1155561,nan,9.0
USW00093245,1155697,nan,10.45
USW00093245,1155817,nan,6.3
USW00093245,1155992,nan,4.6
USW00093245,1156189,nan,3.4
USW00093245,1156372,nan,6.6
USW00093245,1156501,nan,7.8
USW00093245,1156641,nan,3.8499999999999996
USW00093245,1156834,nan,5.55
USW00093245,1156981,nan,7.15
USW00093245,1157139,nan,10.55
USW00093245,1157255,nan,10.350000000000001
USW00093245,1157355,nan,10.25
USW00093245,1157458,nan,10.8
USW00093245,1157563,nan,11.55
USW00093245,1157698,nan,10.8
USW00093245,1157843,nan,10.75
USW00093245,1157924,nan,11.8
USW00093245,1158025,nan,12.4
USW00093245,1158100,nan,12.6
USW00093245,1158196,nan,11.850000000000001
USW00093245,1158295,nan,12.1
USW00093245,1158420,nan,12.1
USW00093245,1158520,nan,8.4
USW00093245,1158711,nan,5.5
USW00093245,1158876,nan,7.95
USW00093245,1158983,nan,11.8
USW00093245,1159099,nan,12.2
USW00093245,1159229,nan,11.1
USW00093245,1159370,nan,8.7
USW00093245,1159507,nan,11.7
USW00093245,1159623,nan,8.649999999999999
USW00093245,1159787,nan,8.0
USW00093245,1159924,nan,8.4
USW00093245,1160029,nan,7.8
USW00093245,1160135,nan,9.05
USW00093245,1160273,nan,10.149999999999999
USW00093245,1160376,nan,12.0
USW00093245,1160481,nan,6.85
USW00093245,1160612,nan,7.1
USW00094299,1173878,nan,23.299999999999997
