Station_ID,Index,Original_Temperature,Filled_Temperature
USW00023224,221,nan,4.5
USW00023224,11238,nan,20.0
USW00023225,20716,nan,22.4
USW00023225,24480,nan,16.950000000000003
USW00023230,32074,nan,20.299999999999997
USW00023230,32078,nan,25.5
USW00023230,34653,nan,19.7
USW00023232,37662,nan,19.450000000000003
USW00023232,38677,nan,19.0
USW00023232,42906,nan,23.65
USW00023232,44134,nan,18.65
USW00023233,47078,nan,9.2
USW00023233,49633,nan,10.55
USW00023233,50142,nan,12.8
USW00023233,50216,nan,19.15
USW00023234,56023,nan,14.2
USW00023234,56028,nan,13.0
USW00023237,73037,nan,0.5
USW00023237,73040,nan,0.5
USW00023237,73042,nan,0.0
USW00023237,73044,nan,0.0
USW00023237,73046,nan,0.0
USW00023237,73048,nan,0.0
USW00023237,73050,nan,0.5
USW00023237,73052,nan,1.0
USW00023237,73056,nan,2.6
USW00023237,73059,nan,4.0
USW00023237,73092,nan,-1.0
USW00023237,73094,nan,-1.0
USW00023237,73097,nan,-2.0
USW00023237,73100,nan,-1.35
USW00023237,73103,nan,-1.0
USW00023237,73108,nan,-1.5
USW00023237,73110,nan,-1.5
USW00023237,73538,nan,9.0
USW00023237,73540,nan,9.0
USW00023237,73683,nan,1.5
USW00023237,73716,nan,5.5
USW00023237,73719,nan,6.0
USW00023237,73721,nan,6.0
USW00023237,73723,nan,5.0
USW00023237,73725,nan,4.0
USW00023237,73728,nan,4.2
USW00023237,73730,nan,4.0
USW00023237,73732,nan,4.0
USW00023237,73734,nan,4.0
USW00023237,73736,nan,4.5
USW00023237,73739,nan,5.5
USW00023237,73742,nan,7.0
USW00023237,73744,nan,7.1
USW00023237,74123,nan,5.0
USW00023237,74847,nan,1.0
USW00023237,74849,nan,1.5
USW00023237,74898,nan,1.5
USW00023237,74947,nan,2.0
USW00023237,74950,nan,3.5
USW00023237,74994,nan,3.95
USW00023237,74996,nan,3.5
USW00023237,74998,nan,3.5
USW00023237,75001,nan,7.1
USW00023237,75052,nan,4.0
USW00023237,75395,nan,3.95
USW00023237,75397,nan,5.0
USW00023237,75719,nan,7.0
USW00023237,75772,nan,4.7
USW00023237,75825,nan,6.0
USW00023237,75922,nan,6.0
USW00023237,84200,nan,17.0
USW00023237,84777,nan,32.5
USW00023237,84779,nan,34.0
USW00023237,88117,nan,11.55
USW00023237,88127,nan,7.5
USW00023237,88225,nan,9.0
USW00023237,88227,nan,10.0
USW00023237,88334,nan,8.0
USW00023237,88336,nan,8.5
USW00023237,88384,nan,6.0
USW00023237,88386,nan,6.5
USW00023237,88438,nan,7.0
USW00023237,88441,nan,9.0
USW00023237,88444,nan,10.5
USW00023237,88499,nan,18.5
USW00023237,88588,nan,5.5
USW00023237,88592,nan,6.0
USW00023237,88594,nan,6.5
USW00023237,88639,nan,2.5
USW00023237,88641,nan,2.0
USW00023237,88643,nan,2.0
USW00023237,88645,nan,2.5
USW00023237,88690,nan,5.0
USW00023237,88693,nan,4.0
USW00023237,88698,nan,3.5
USW00023237,88700,nan,3.5
USW00023237,88702,nan,3.0
USW00023237,88704,nan,3.5
USW00023237,88706,nan,5.0
USW00023237,88837,nan,11.5
USW00023237,88839,nan,12.0
USW00023237,88941,nan,8.0
USW00023237,88947,nan,6.5
USW00023237,88949,nan,6.5
USW00023237,88951,nan,6.0
USW00023237,88953,nan,6.0
USW00023237,88955,nan,6.5
USW00023237,88958,nan,6.85
USW00023237,88960,nan,7.0
USW00023237,88962,nan,7.0
USW00023237,88964,nan,7.0
USW00023237,88966,nan,7.5
USW00023237,88969,nan,8.65
USW00023237,89012,nan,4.0
USW00023237,89015,nan,3.5
USW00023237,89017,nan,3.0
USW00023237,89021,nan,6.0
USW00023237,89023,nan,7.0
USW00023237,89027,nan,9.45
USW00023237,89029,nan,10.5
USW00023237,89050,nan,8.95
USW00023237,89052,nan,8.0
USW00023237,89055,nan,6.35
USW00023237,89057,nan,6.0
USW00023237,89059,nan,6.0
USW00023237,89061,nan,6.0
USW00023237,89063,nan,6.0
USW00023237,89066,nan,6.05
USW00023237,89068,nan,6.0
USW00023237,89070,nan,6.0
USW00023237,89072,nan,6.0
USW00023237,89074,nan,6.0
USW00023237,89078,nan,6.85
USW00023237,89080,nan,7.5
USW00023237,89082,nan,8.0
USW00023237,89084,nan,8.5
USW00023237,89086,nan,9.0
USW00023237,89089,nan,8.95
USW00023237,89091,nan,8.5
USW00023237,89093,nan,8.0
USW00023237,89095,nan,8.0
USW00023237,89097,nan,8.0
USW00023237,89100,nan,8.65
USW00023237,89102,nan,8.5
USW00023237,89105,nan,9.0
USW00023237,89107,nan,9.0
USW00023237,89109,nan,9.0
USW00023237,89257,nan,1.0
USW00023237,89260,nan,2.0
USW00023237,89262,nan,2.5
USW00023237,89264,nan,3.0
USW00023237,89266,nan,3.0
USW00023237,89270,nan,5.2
USW00023237,89272,nan,6.5
USW00023237,89296,nan,6.05
USW00023237,89298,nan,6.05
USW00023237,89300,nan,6.5
USW00023237,89302,nan,7.0
USW00023237,89304,nan,7.0
USW00023237,89306,nan,6.5
USW00023237,89310,nan,6.0
USW00023237,89312,nan,6.0
USW00023237,89314,nan,6.0
USW00023237,89316,nan,6.0
USW00023237,89318,nan,6.0
USW00023237,89323,nan,6.5
USW00023237,89355,nan,5.0
USW00023237,89358,nan,4.0
USW00023237,89363,nan,4.0
USW00023237,89365,nan,4.5
USW00023237,89399,nan,4.0
USW00023237,89401,nan,4.0
USW00023237,89403,nan,4.0
USW00023237,89405,nan,4.0
USW00023237,89407,nan,4.0
USW00023237,89411,nan,4.0
USW00023237,89414,nan,3.0
USW00023237,89416,nan,3.0
USW00023237,89425,nan,6.0
USW00023237,89450,nan,1.5
USW00023237,89455,nan,1.0
USW00023237,89457,nan,0.0
USW00023237,89459,nan,0.0
USW00023237,89461,nan,0.0
USW00023237,89463,nan,0.0
USW00023237,89467,nan,1.8
USW00023237,89469,nan,3.0
USW00023237,89471,nan,3.0
USW00023237,89473,nan,2.5
USW00023237,89475,nan,2.5
USW00023237,89478,nan,5.55
USW00023237,89506,nan,3.5
USW00023237,89513,nan,2.0
USW00023237,89516,nan,1.5
USW00023237,89518,nan,1.5
USW00023237,89520,nan,1.0
USW00023237,89522,nan,1.5
USW00023237,89527,nan,0.8
USW00023237,89529,nan,1.0
USW00023237,89531,nan,1.0
USW00023237,89533,nan,1.0
USW00023237,89535,nan,1.5
USW00023237,89578,nan,2.0
USW00023237,89580,nan,2.0
USW00023237,89582,nan,2.5
USW00023237,89584,nan,3.0
USW00023237,89586,nan,3.5
USW00023237,89589,nan,5.2
USW00023237,89591,nan,6.0
USW00023237,89624,nan,1.5
USW00023237,89626,nan,2.0
USW00023237,89630,nan,1.0
USW00023237,89632,nan,1.0
USW00023237,89634,nan,1.5
USW00023237,89636,nan,2.5
USW00023237,89638,nan,3.0
USW00023237,89643,nan,6.5
USW00023237,90020,nan,2.0
USW00023237,90025,nan,2.0
USW00023237,90027,nan,2.0
USW00023237,90029,nan,2.5
USW00023237,90031,nan,2.9
USW00023237,90034,nan,3.5
USW00023237,90036,nan,4.5
USW00023237,90114,nan,6.0
USW00023237,90122,nan,6.5
USW00023237,90485,nan,5.0
USW00023237,90491,nan,3.15
USW00023237,90494,nan,4.0
USW00023237,90497,nan,6.0
USW00023237,90502,nan,6.0
USW00023237,90504,nan,6.0
USW00023237,90506,nan,6.0
USW00023237,90508,nan,6.0
USW00023237,90510,nan,6.0
USW00023237,90513,nan,6.05
USW00023237,90515,nan,6.0
USW00023237,90517,nan,6.5
USW00023237,90521,nan,8.0
USW00023237,90530,nan,6.5
USW00023237,90532,nan,6.0
USW00023237,90534,nan,6.0
USW00023237,90537,nan,5.8
USW00023237,90539,nan,5.5
USW00023237,90541,nan,5.0
USW00023237,90543,nan,5.0
USW00023237,90545,nan,4.5
USW00023237,90547,nan,4.2
USW00023237,90549,nan,4.2
USW00023237,90551,nan,4.0
USW00023237,90553,nan,3.5
USW00023237,90555,nan,3.5
USW00023237,90557,nan,4.0
USW00023237,90560,nan,3.95
USW00023237,90563,nan,5.5
USW00023237,90565,nan,5.5
USW00023237,90568,nan,6.0
USW00023243,91453,nan,11.0
USW00023243,95074,nan,16.0
USW00023243,95211,nan,13.0
USW00023243,99909,nan,7.0
USW00023243,100174,nan,7.0
USW00023243,100273,nan,15.0
USW00023243,100298,nan,4.5
USW00023243,101225,nan,4.0
USW00023254,119614,nan,9.45
USW00023254,119955,nan,5.0
USW00023254,119962,nan,18.299999999999997
USW00023254,120014,nan,18.05
USW00023254,120414,nan,18.65
USW00023254,120545,nan,18.6
USW00023254,120547,nan,18.35
USW00023254,120549,nan,15.55
USW00023254,120594,nan,20.25
USW00023254,120596,nan,16.1
USW00023254,125954,nan,25.299999999999997
USW00023257,133503,nan,26.35
USW00023257,135425,nan,20.55
USW00023258,140644,nan,16.65
USW00023258,143312,nan,31.099999999999998
USW00023258,145169,nan,25.299999999999997
USW00023259,152309,nan,13.899999999999999
USW00023259,152385,nan,10.35
USW00023259,152387,nan,9.0
USW00023273,165162,nan,17.35
USW00023273,165165,nan,20.0
USW00023273,165228,nan,14.5
USW00023273,166614,nan,18.8
USW00023273,166891,nan,18.15
USW00023273,169695,nan,10.0
USW00023273,169717,nan,10.0
USW00023273,169722,nan,11.0
USW00023273,169731,nan,1.9500000000000002
USW00023275,174363,nan,8.95
USW00023285,199093,nan,11.399999999999999
USW00023285,206520,nan,17.05
USW00023289,209056,nan,15.5
USW00023289,209085,nan,14.5
USW00023289,209385,nan,20.0
USW00023289,209696,nan,16.0
USW00023289,210668,nan,28.0
USW00023289,211050,nan,19.0
USW00023289,211361,nan,19.5
USW00023289,211619,nan,18.0
USW00023289,211666,nan,19.5
USW00023289,211975,nan,23.0
USW00023289,212562,nan,18.0
USW00023289,212566,nan,11.0
USW00023289,212735,nan,13.0
USW00023293,213853,nan,6.4
USW00023293,213878,nan,6.3
USW00023293,213957,nan,13.5
USW00023293,214612,nan,10.0
USW00023293,214615,nan,8.5
USW00023293,214618,nan,9.0
USW00023293,214620,nan,8.95
USW00023293,221316,nan,12.0
USW00023293,221965,nan,9.0
USW00024213,222842,nan,10.3
USW00024215,237164,nan,21.15
USW00024215,237503,nan,23.1
USW00024215,239625,nan,10.65
USW00024216,248246,nan,32.5
USW00024216,250844,nan,10.0
USW00024259,266451,nan,7.5
USW00024283,275792,nan,11.05
USW00024283,276820,nan,8.0
USW00024283,276822,nan,8.5
USW00024283,276824,nan,9.0
USW00024283,276835,nan,9.15
USW00024283,277900,nan,12.5
USW00024283,281240,nan,13.1
USW00024283,281360,nan,9.15
USW00024283,281369,nan,10.55
USW00024283,283927,nan,9.5
USW00053119,310736,nan,19.15
USW00053119,312075,nan,16.95
USW00053120,313372,nan,21.4
USW00053120,322608,nan,23.9
USW00053120,323145,nan,18.6
USW00053120,323166,nan,15.05
USW00053120,323170,nan,14.0
USW00053120,323172,nan,13.0
USW00053120,323188,nan,9.95
USW00053120,323192,nan,13.0
USW00053120,323197,nan,13.65
USW00053120,323201,nan,12.0
USW00053120,323203,nan,12.0
USW00053120,323205,nan,12.0
USW00053120,323230,nan,10.3
USW00053120,323262,nan,4.4
USW00053120,323265,nan,3.3
USW00053120,323284,nan,7.800000000000001
USW00053120,323330,nan,10.5
USW00053120,323341,nan,10.7
USW00053120,323357,nan,9.0
USW00053120,323361,nan,10.05
USW00053120,323363,nan,8.9
USW00053120,323410,nan,8.45
USW00053130,334742,nan,16.0
USW00053130,334765,nan,14.5
USW00053130,334812,nan,10.5
USW00053130,334824,nan,10.5
USW00053130,334872,nan,20.0
USW00053130,334884,nan,19.0
USW00053130,334906,nan,17.0
USW00053130,334915,nan,7.5
USW00053130,334918,nan,13.5
USW00053130,334955,nan,14.5
USW00053130,334961,nan,8.0
USW00053130,334974,nan,11.0
USW00053130,335004,nan,10.5
USW00053130,335013,nan,15.5
USW00053130,335023,nan,12.5
USW00053130,335036,nan,11.5
USW00053130,335124,nan,12.5
USW00053130,335128,nan,11.0
USW00053130,335131,nan,15.5
USW00053130,335209,nan,22.0
USW00053130,335280,nan,11.0
USW00053130,335334,nan,14.5
USW00053130,335377,nan,13.0
USW00053130,335380,nan,18.0
USW00053130,335427,nan,23.0
USW00053130,335449,nan,22.5
USW00053130,335486,nan,24.5
USW00053130,335528,nan,24.5
USW00053130,335531,nan,23.0
USW00053130,335569,nan,16.5
USW00053130,335644,nan,30.0
USW00053130,335655,nan,29.5
USW00053130,335662,nan,21.5
USW00053130,335673,nan,22.0
USW00053130,335676,nan,25.0
USW00053130,335716,nan,12.0
USW00053130,335727,nan,14.5
USW00053130,335760,nan,17.0
USW00053130,335775,nan,16.0
USW00053130,335828,nan,21.0
USW00053130,335833,nan,14.0
USW00053130,335846,nan,25.5
USW00053130,335862,nan,26.5
USW00053130,335872,nan,28.0
USW00053130,335888,nan,19.5
USW00053130,335936,nan,14.5
USW00053130,335988,nan,23.5
USW00053130,336046,nan,25.5
USW00053130,336054,nan,15.5
USW00053130,336068,nan,21.0
USW00053130,336071,nan,23.5
USW00053130,336092,nan,26.0
USW00053130,336109,nan,13.5
USW00053130,336112,nan,19.0
USW00053130,336114,nan,20.0
USW00053130,336130,nan,16.0
USW00053130,336135,nan,16.0
USW00053130,336167,nan,22.5
USW00053130,336197,nan,15.5
USW00053130,336199,nan,22.0
USW00053130,336210,nan,22.5
USW00053130,336212,nan,26.5
USW00053130,336302,nan,14.5
USW00053130,336304,nan,13.0
USW00053130,336325,nan,14.0
USW00053130,336421,nan,19.5
USW00053130,336447,nan,17.0
USW00053130,336490,nan,26.0
USW00053130,336498,nan,19.0
USW00053130,336512,nan,22.0
USW00053130,336523,nan,19.5
USW00053130,336540,nan,28.5
USW00053130,336722,nan,23.5
USW00053130,336731,nan,31.0
USW00053130,336743,nan,29.0
USW00053130,336751,nan,37.0
USW00053130,336761,nan,33.0
USW00053130,336777,nan,31.0
USW00053130,336792,nan,34.5
USW00053130,336834,nan,35.0
USW00053130,336846,nan,23.5
USW00053130,336893,nan,28.0
USW00053130,336931,nan,32.5
USW00053130,336967,nan,21.5
USW00053130,336977,nan,24.5
USW00053130,337003,nan,31.0
USW00053130,337007,nan,25.0
USW00053130,337035,nan,28.0
USW00053130,337113,nan,34.0
USW00053130,337125,nan,31.0
USW00053130,337132,nan,30.5
USW00053130,337136,nan,30.5
USW00053130,337151,nan,33.5
USW00053130,337171,nan,27.5
USW00053130,337178,nan,34.0
USW00053130,337191,nan,32.0
USW00053130,337205,nan,25.5
USW00053130,337230,nan,27.0
USW00053130,337236,nan,31.0
USW00053130,337284,nan,24.5
USW00053130,337297,nan,23.5
USW00053130,337311,nan,23.0
USW00053130,337347,nan,25.0
USW00053130,337360,nan,31.5
USW00053130,337373,nan,31.0
USW00053130,337565,nan,24.5
USW00053130,337588,nan,26.5
USW00053130,337592,nan,27.0
USW00053130,337605,nan,32.0
USW00053130,337611,nan,32.0
USW00053130,337626,nan,31.5
USW00053130,337667,nan,24.5
USW00053130,337675,nan,27.0
USW00053130,337718,nan,40.0
USW00053130,337739,nan,36.0
USW00053130,337815,nan,17.0
USW00053130,337833,nan,26.5
USW00053130,338002,nan,22.5
USW00053130,338106,nan,24.0
USW00053130,338148,nan,19.0
USW00053130,338154,nan,16.0
USW00053130,338173,nan,20.5
USW00053130,338193,nan,22.0
USW00053130,338195,nan,26.0
USW00053130,338228,nan,17.0
USW00053130,338264,nan,28.0
USW00053130,338283,nan,27.5
USW00053130,338309,nan,33.0
USW00053130,338320,nan,29.0
USW00053130,338333,nan,28.0
USW00053130,338354,nan,23.0
USW00053130,338387,nan,17.5
USW00053130,338488,nan,17.0
USW00053130,338509,nan,25.5
USW00053130,338511,nan,23.0
USW00053130,338573,nan,19.0
USW00053130,338579,nan,13.0
USW00053130,338625,nan,8.0
USW00053130,338644,nan,10.0
USW00053130,338646,nan,7.5
USW00053130,338674,nan,19.5
USW00053130,338709,nan,11.0
USW00053130,338757,nan,12.5
USW00053130,338785,nan,15.5
USW00053130,338790,nan,23.5
USW00053139,338862,nan,11.149999999999999
USW00053139,339078,nan,8.1
USW00053139,339282,nan,9.149999999999999
USW00053139,339490,nan,7.55
USW00053139,339698,nan,14.4
USW00053139,339896,nan,11.600000000000001
USW00053139,340098,nan,12.05
USW00053139,340284,nan,9.1
USW00053139,340464,nan,5.65
USW00053139,340675,nan,8.600000000000001
USW00053139,340877,nan,9.4
USW00053139,341073,nan,9.600000000000001
USW00053139,341276,nan,8.35
USW00053139,341520,nan,15.149999999999999
USW00053139,341727,nan,10.75
USW00053139,341947,nan,14.0
USW00053139,342134,nan,8.5
USW00053139,342339,nan,8.0
USW00053139,342558,nan,13.4
USW00053139,342769,nan,8.7
USW00053139,342974,nan,7.55
USW00053139,343172,nan,6.949999999999999
USW00053139,343374,nan,9.399999999999999
USW00053139,343558,nan,12.350000000000001
USW00053139,343747,nan,11.05
USW00053139,343915,nan,9.15
USW00053139,344115,nan,13.75
USW00053139,344287,nan,16.6
USW00053139,344482,nan,10.2
USW00053139,344674,nan,9.2
USW00053139,344883,nan,9.850000000000001
USW00053139,345066,nan,8.0
USW00053139,345270,nan,10.399999999999999
USW00053139,345462,nan,8.35
USW00053139,345661,nan,13.3
USW00053139,345826,nan,9.649999999999999
USW00053139,346012,nan,8.1
USW00053139,346211,nan,9.85
USW00053139,346421,nan,10.9
USW00053139,346649,nan,12.45
USW00053139,346870,nan,14.15
USW00053139,347090,nan,14.350000000000001
USW00053139,347313,nan,18.700000000000003
USW00053139,347535,nan,17.65
USW00053139,347746,nan,11.8
USW00053139,347908,nan,12.2
USW00053139,348105,nan,16.1
USW00053139,348330,nan,11.9
USW00053139,348555,nan,15.1
USW00053139,348776,nan,14.5
USW00053139,348979,nan,14.05
USW00053139,349177,nan,10.95
USW00053139,349369,nan,16.200000000000003
USW00053139,349564,nan,15.3
USW00053139,349747,nan,14.4
USW00053139,349936,nan,13.95
USW00053139,350150,nan,17.049999999999997
USW00053139,350363,nan,17.450000000000003
USW00053139,350574,nan,18.1
USW00053139,350803,nan,21.95
USW00053139,351019,nan,18.549999999999997
USW00053139,351224,nan,18.299999999999997
USW00053139,351413,nan,16.549999999999997
USW00053139,351602,nan,13.3
USW00053139,351820,nan,12.149999999999999
USW00053139,352029,nan,14.35
USW00053139,352238,nan,16.5
USW00053139,352447,nan,18.200000000000003
USW00053139,352666,nan,19.0
USW00053139,352866,nan,16.95
USW00053139,353077,nan,17.5
USW00053139,353298,nan,20.15
USW00053139,353517,nan,21.4
USW00053139,353729,nan,24.15
USW00053139,353910,nan,16.45
USW00053139,354108,nan,14.5
USW00053139,354267,nan,14.55
USW00053139,354459,nan,17.4
USW00053139,354683,nan,19.85
USW00053139,354886,nan,19.200000000000003
USW00053139,355092,nan,21.3
USW00053139,355301,nan,23.9
USW00053139,355516,nan,20.0
USW00053139,355741,nan,19.95
USW00053139,355952,nan,20.5
USW00053139,356159,nan,22.3
USW00053139,356376,nan,20.9
USW00053139,356577,nan,22.95
USW00053139,356792,nan,19.75
USW00053139,356991,nan,21.2
USW00053139,357158,nan,16.25
USW00053139,357349,nan,17.1
USW00053139,357554,nan,19.35
USW00053139,357749,nan,20.7
USW00053139,357958,nan,21.2
USW00053139,358168,nan,21.55
USW00053139,358364,nan,20.950000000000003
USW00053139,358561,nan,25.0
USW00053139,358753,nan,21.45
USW00053139,358950,nan,21.25
USW00053139,359134,nan,20.5
USW00053139,359333,nan,24.4
USW00053139,359527,nan,22.85
USW00053139,359757,nan,25.0
USW00053139,359982,nan,24.65
USW00053139,360196,nan,28.25
USW00053139,360410,nan,19.6
USW00053139,360601,nan,22.7
USW00053139,360808,nan,21.5
USW00053139,361012,nan,25.299999999999997
USW00053139,361229,nan,21.4
USW00053139,361420,nan,19.8
USW00053139,361615,nan,20.1
USW00053139,361811,nan,26.85
USW00053139,362014,nan,20.65
USW00053139,362201,nan,22.200000000000003
USW00053139,362425,nan,22.05
USW00053139,362611,nan,30.450000000000003
USW00053139,362813,nan,25.05
USW00053139,363026,nan,28.9
USW00053139,363250,nan,26.1
USW00053139,363457,nan,19.5
USW00053139,363643,nan,20.5
USW00053139,363846,nan,25.15
USW00053139,364045,nan,27.7
USW00053139,364245,nan,24.25
USW00053139,364445,nan,24.65
USW00053139,364654,nan,31.35
USW00053139,364873,nan,28.1
USW00053139,365060,nan,27.0
USW00053139,365258,nan,29.9
USW00053139,365456,nan,27.85
USW00053139,365673,nan,28.8
USW00053139,365865,nan,23.55
USW00053139,366055,nan,29.25
USW00053139,366270,nan,32.85
USW00053139,366468,nan,34.8
USW00053139,366664,nan,31.6
USW00053139,366889,nan,34.05
USW00053139,367115,nan,36.9
USW00053139,367329,nan,37.900000000000006
USW00053139,367548,nan,34.25
USW00053139,367753,nan,23.05
USW00053139,367919,nan,22.75
USW00053139,368098,nan,20.55
USW00053139,368237,nan,22.05
USW00053139,368384,nan,21.799999999999997
USW00053139,368577,nan,24.85
USW00053139,368781,nan,25.25
USW00053139,368981,nan,25.95
USW00053139,369180,nan,25.85
USW00053139,369379,nan,29.15
USW00053139,369606,nan,28.75
USW00053139,369820,nan,29.5
USW00053139,370027,nan,29.55
USW00053139,370224,nan,31.15
USW00053139,370427,nan,24.4
USW00053139,370616,nan,27.8
USW00053139,370818,nan,30.95
USW00053139,371008,nan,29.95
USW00053139,371189,nan,30.25
USW00053139,371405,nan,32.2
USW00053139,371627,nan,31.200000000000003
USW00053139,371813,nan,29.3
USW00053139,372022,nan,31.7
USW00053139,372231,nan,33.95
USW00053139,372448,nan,35.95
USW00053139,372650,nan,34.45
USW00053139,372858,nan,34.75
USW00053139,373064,nan,37.1
USW00053139,373272,nan,37.900000000000006
USW00053139,373481,nan,37.55
USW00053139,373700,nan,37.65
USW00053139,373919,nan,39.900000000000006
USW00053139,374131,nan,38.150000000000006
USW00053139,374334,nan,34.75
USW00053139,374548,nan,34.5
USW00053139,374747,nan,34.45
USW00053139,374949,nan,35.55
USW00053139,375162,nan,36.0
USW00053139,375364,nan,38.150000000000006
USW00053139,375570,nan,39.35
USW00053139,375776,nan,37.85
USW00053139,375988,nan,36.65
USW00053139,376196,nan,37.349999999999994
USW00053139,376426,nan,38.7
USW00053139,376647,nan,36.3
USW00053139,376854,nan,37.15
USW00053139,377059,nan,37.7
USW00053139,377274,nan,36.95
USW00053139,377505,nan,44.25
USW00053139,377710,nan,45.15
USW00053139,377929,nan,42.8
USW00053139,378113,nan,39.8
USW00053139,378307,nan,30.85
USW00053139,378522,nan,33.75
USW00053139,378707,nan,36.7
USW00053139,378903,nan,35.0
USW00053139,379098,nan,37.45
USW00053139,379305,nan,37.45
USW00053139,379508,nan,41.150000000000006
USW00053139,379714,nan,40.85
USW00053139,379878,nan,35.5
USW00053139,380056,nan,37.3
USW00053139,380276,nan,36.599999999999994
USW00053139,380494,nan,35.05
USW00053139,380706,nan,37.5
USW00053139,380922,nan,39.75
USW00053139,381133,nan,39.7
USW00053139,381328,nan,38.25
USW00053139,381536,nan,37.849999999999994
USW00053139,381755,nan,35.7
USW00053139,381959,nan,35.85
USW00053139,382175,nan,36.9
USW00053139,382385,nan,38.35
USW00053139,382585,nan,38.5
USW00053139,382790,nan,39.45
USW00053139,382982,nan,37.3
USW00053139,383181,nan,37.55
USW00053139,383384,nan,39.2
USW00053139,383582,nan,39.1
USW00053139,383796,nan,39.650000000000006
USW00053139,384009,nan,37.25
USW00053139,384228,nan,34.400000000000006
USW00053139,384436,nan,36.8
USW00053139,384650,nan,37.650000000000006
USW00053139,384860,nan,38.9
USW00053139,385068,nan,40.4
USW00053139,385279,nan,39.6
USW00053139,385480,nan,39.25
USW00053139,385688,nan,36.95
USW00053139,385901,nan,35.3
USW00053139,386106,nan,33.25
USW00053139,386316,nan,33.9
USW00053139,386533,nan,36.75
USW00053139,386731,nan,36.75
USW00053139,386934,nan,35.85
USW00053139,387144,nan,38.900000000000006
USW00053139,387357,nan,37.75
USW00053139,387557,nan,36.2
USW00053139,387773,nan,37.25
USW00053139,387989,nan,40.9
USW00053139,388193,nan,37.900000000000006
USW00053139,388409,nan,35.8
USW00053139,388610,nan,32.15
USW00053139,388807,nan,31.15
USW00053139,389010,nan,30.5
USW00053139,389227,nan,34.1
USW00053139,389452,nan,35.8
USW00053139,389675,nan,33.75
USW00053139,389900,nan,35.65
USW00053139,390114,nan,35.150000000000006
USW00053139,390309,nan,36.4
USW00053139,390505,nan,34.4
USW00053139,390684,nan,30.05
USW00053139,390887,nan,30.75
USW00053139,391099,nan,30.9
USW00053139,391317,nan,29.55
USW00053139,391536,nan,31.95
USW00053139,391766,nan,33.4
USW00053139,391970,nan,32.349999999999994
USW00053139,392161,nan,33.2
USW00053139,392356,nan,33.8
USW00053139,392568,nan,32.2
USW00053139,392769,nan,29.25
USW00053139,392971,nan,28.25
USW00053139,393177,nan,28.65
USW00053139,393390,nan,28.75
USW00053139,393611,nan,29.799999999999997
USW00053139,393814,nan,33.25
USW00053139,394022,nan,31.3
USW00053139,394230,nan,32.15
USW00053139,394425,nan,35.650000000000006
USW00053139,394610,nan,31.55
USW00053139,394808,nan,32.65
USW00053139,395023,nan,31.3
USW00053139,395225,nan,30.1
USW00053139,395412,nan,28.299999999999997
USW00053139,395603,nan,24.45
USW00053139,395798,nan,25.65
USW00053139,396018,nan,25.25
USW00053139,396239,nan,25.6
USW00053139,396457,nan,29.1
USW00053139,396683,nan,26.049999999999997
USW00053139,396877,nan,15.9
USW00053139,397048,nan,14.5
USW00053139,397221,nan,16.45
USW00053139,397415,nan,22.05
USW00053139,397616,nan,21.85
USW00053139,397839,nan,20.65
USW00053139,398060,nan,19.65
USW00053139,398286,nan,22.0
USW00053139,398496,nan,24.35
USW00053139,398714,nan,21.950000000000003
USW00053139,398926,nan,22.4
USW00053139,399143,nan,27.1
USW00053139,399341,nan,21.85
USW00053139,399562,nan,21.5
USW00053139,399782,nan,18.5
USW00053139,400011,nan,21.75
USW00053139,400235,nan,23.4
USW00053139,400279,nan,20.55
USW00053139,400458,nan,18.9
USW00053139,400681,nan,21.7
USW00053139,400904,nan,21.65
USW00053139,401116,nan,30.75
USW00053139,401315,nan,20.7
USW00053139,401522,nan,21.1
USW00053139,401719,nan,18.7
USW00053139,401923,nan,19.3
USW00053139,402132,nan,18.4
USW00053139,402321,nan,15.35
USW00053139,402542,nan,17.6
USW00053139,402760,nan,17.2
USW00053139,402950,nan,18.2
USW00053139,403169,nan,13.149999999999999
USW00053139,403372,nan,13.850000000000001
USW00053139,403571,nan,16.05
USW00053139,403773,nan,18.4
USW00053139,403995,nan,26.1
USW00053139,404197,nan,24.1
USW00053139,404417,nan,21.15
USW00053139,404642,nan,21.2
USW00053139,404874,nan,19.7
USW00053139,405102,nan,17.85
USW00053139,405318,nan,17.25
USW00053139,405533,nan,15.05
USW00053139,405765,nan,17.15
USW00053139,405981,nan,15.100000000000001
USW00053139,406200,nan,16.2
USW00053139,406418,nan,17.700000000000003
USW00053139,406627,nan,17.95
USW00053139,406792,nan,13.95
USW00053139,406973,nan,13.75
USW00053139,407190,nan,16.6
USW00053139,407416,nan,22.7
USW00053139,407636,nan,16.450000000000003
USW00053139,407836,nan,17.4
USW00053139,408058,nan,14.65
USW00053139,408278,nan,15.100000000000001
USW00053139,408483,nan,13.8
USW00053139,408700,nan,13.55
USW00053139,408916,nan,11.3
USW00053139,409119,nan,11.1
USW00053139,409320,nan,15.45
USW00053139,409507,nan,9.85
USW00053139,409725,nan,11.0
USW00053139,409923,nan,11.95
USW00053139,410128,nan,8.7
USW00053139,410339,nan,10.5
USW00053139,410532,nan,9.3
USW00053139,410671,nan,5.6
USW00053139,410872,nan,7.2
USW00053139,411046,nan,10.95
USW00053139,411186,nan,8.3
USW00053139,411371,nan,6.35
USW00053139,411571,nan,7.65
USW00053139,411769,nan,7.55
USW00053139,411974,nan,9.55
USW00053139,412164,nan,8.350000000000001
USW00053139,412333,nan,9.649999999999999
USW00053139,412519,nan,9.0
USW00053139,412704,nan,7.35
USW00053139,412895,nan,5.2
USW00053139,413091,nan,5.55
USW00053139,413292,nan,6.9
USW00053139,413495,nan,8.0
USW00053143,421217,nan,16.0
USW00053143,421284,nan,15.0
USW00053143,421340,nan,11.5
USW00053143,421428,nan,19.5
USW00053143,422311,nan,20.5
USW00053143,422463,nan,22.5
USW00053143,423155,nan,18.5
USW00053143,423592,nan,32.5
USW00053143,423695,nan,16.5
USW00053143,423849,nan,16.5
USW00053143,423990,nan,18.0
USW00053143,423992,nan,14.5
USW00053143,424263,nan,10.0
USW00053144,433037,nan,28.299999999999997
USW00053144,437499,nan,14.75
USW00053144,439104,nan,12.5
USW00053144,439354,nan,14.450000000000001
USW00053144,439634,nan,12.2
USW00053150,440531,nan,8.5
USW00053150,440676,nan,8.2
USW00053150,440809,nan,3.2
USW00053150,440948,nan,-2.6
USW00053150,441087,nan,-3.95
USW00053150,441190,nan,-3.8
USW00053150,441307,nan,-6.0
USW00053150,441459,nan,-0.9
USW00053150,441609,nan,-2.55
USW00053150,441769,nan,1.2999999999999998
USW00053150,441934,nan,4.9
USW00053150,442070,nan,5.8
USW00053150,442240,nan,5.55
USW00053150,442403,nan,7.949999999999999
USW00053150,442554,nan,7.5
USW00053150,442712,nan,3.15
USW00053150,442889,nan,0.75
USW00053150,443107,nan,1.8
USW00053150,443275,nan,4.0
USW00053150,443432,nan,1.55
USW00053150,443579,nan,-6.199999999999999
USW00053150,443688,nan,-6.25
USW00053150,443788,nan,-3.4
USW00053150,443878,nan,-6.95
USW00053150,443955,nan,-5.2
USW00053150,444068,nan,-0.4
USW00053150,444223,nan,1.7
USW00053150,444347,nan,-2.3
USW00053150,444485,nan,-7.35
USW00053150,444623,nan,-6.9
USW00053150,444730,nan,-6.2
USW00053150,444866,nan,-2.75
USW00053150,444971,nan,-5.1
USW00053150,445079,nan,-3.2
USW00053150,445180,nan,-6.85
USW00053150,445233,nan,-5.95
USW00053150,445322,nan,-4.95
USW00053150,445504,nan,3.55
USW00053150,445667,nan,1.8
USW00053150,445844,nan,5.0
USW00053150,446001,nan,7.4
USW00053150,446144,nan,8.350000000000001
USW00053150,446293,nan,7.5
USW00053150,446440,nan,10.35
USW00053150,446614,nan,7.55
USW00053150,446772,nan,-1.45
USW00053150,446780,nan,-2.5
USW00053150,446948,nan,1.1
USW00053150,447151,nan,3.8
USW00053150,447316,nan,4.8
USW00053150,447464,nan,5.85
USW00053150,447611,nan,5.300000000000001
USW00053150,447764,nan,-0.75
USW00053150,447875,nan,-2.8
USW00053150,447991,nan,-0.8500000000000001
USW00053150,448102,nan,-5.5
USW00053150,448257,nan,-0.95
USW00053150,448341,nan,-1.9
USW00053150,448358,nan,-2.4
USW00053150,448506,nan,6.1
USW00053150,448683,nan,7.95
USW00053150,448849,nan,7.95
USW00053150,449035,nan,7.65
USW00053150,449186,nan,6.9
USW00053150,449359,nan,1.05
USW00053150,449550,nan,5.7
USW00053150,449737,nan,2.8
USW00053150,449895,nan,4.449999999999999
USW00053150,450026,nan,1.95
USW00053150,450038,nan,3.0
USW00053150,450203,nan,3.05
USW00053150,450374,nan,5.45
USW00053150,450540,nan,5.2
USW00053150,450721,nan,5.9
USW00053150,450891,nan,8.25
USW00053150,451062,nan,7.05
USW00053150,451242,nan,6.4
USW00053150,451380,nan,-1.85
USW00053150,451517,nan,-4.4
USW00053150,451669,nan,-4.5
USW00053150,451811,nan,-2.7
USW00053150,451977,nan,4.9
USW00053150,452133,nan,3.8499999999999996
USW00053150,452279,nan,1.35
USW00053150,452431,nan,2.25
USW00053150,452591,nan,6.0
USW00053150,452739,nan,6.8
USW00053150,452902,nan,6.550000000000001
USW00053150,453064,nan,7.35
USW00053150,453225,nan,3.6500000000000004
USW00053150,453396,nan,0.8
USW00053150,453563,nan,3.1500000000000004
USW00053150,453730,nan,0.4
USW00053150,453887,nan,-0.55
USW00053150,454027,nan,-2.25
USW00053150,454200,nan,0.45
USW00053150,454374,nan,0.95
USW00053150,454521,nan,1.5
USW00053150,454699,nan,5.3
USW00053150,454873,nan,1.0
USW00053150,455044,nan,2.8499999999999996
USW00053150,455230,nan,-0.5
USW00053150,455402,nan,0.7
USW00053150,455579,nan,-2.6
USW00053150,455757,nan,1.15
USW00053150,455944,nan,9.5
USW00053150,456137,nan,11.6
USW00053150,456314,nan,12.850000000000001
USW00053150,456490,nan,11.350000000000001
USW00053150,456668,nan,-1.0
USW00053150,456864,nan,1.7999999999999998
USW00053150,457060,nan,9.350000000000001
USW00053150,457242,nan,7.2
USW00053150,457413,nan,6.1
USW00053150,457600,nan,-3.3499999999999996
USW00053150,457800,nan,-3.1500000000000004
USW00053150,457990,nan,2.6500000000000004
USW00053150,458178,nan,1.15
USW00053150,458328,nan,-1.1
USW00053150,458511,nan,4.35
USW00053150,458711,nan,9.1
USW00053150,458890,nan,11.9
USW00053150,459066,nan,12.45
USW00053150,459237,nan,9.95
USW00053150,459426,nan,1.45
USW00053150,459599,nan,1.55
USW00053150,459781,nan,6.4
USW00053150,459952,nan,6.3
USW00053150,460128,nan,8.1
USW00053150,460310,nan,7.1
USW00053150,460495,nan,10.55
USW00053150,460694,nan,9.149999999999999
USW00053150,460882,nan,8.25
USW00053150,461058,nan,7.4
USW00053150,461248,nan,8.25
USW00053150,461434,nan,9.95
USW00053150,461630,nan,7.6
USW00053150,461813,nan,4.55
USW00053150,461994,nan,11.75
USW00053150,462166,nan,15.9
USW00053150,462341,nan,19.1
USW00053150,462530,nan,20.05
USW00053150,462737,nan,19.200000000000003
USW00053150,462921,nan,18.6
USW00053150,463098,nan,18.45
USW00053150,463294,nan,6.15
USW00053150,463317,nan,3.6500000000000004
USW00053150,463480,nan,4.35
USW00053150,463669,nan,3.45
USW00053150,463813,nan,2.6500000000000004
USW00053150,463943,nan,0.8500000000000001
USW00053150,464061,nan,0.75
USW00053150,464170,nan,3.0
USW00053150,464304,nan,2.1
USW00053150,464487,nan,3.75
USW00053150,464666,nan,5.55
USW00053150,464852,nan,7.45
USW00053150,465023,nan,7.25
USW00053150,465204,nan,9.65
USW00053150,465391,nan,11.149999999999999
USW00053150,465567,nan,8.350000000000001
USW00053150,465606,nan,6.300000000000001
USW00053150,465745,nan,7.0
USW00053150,465927,nan,10.35
USW00053150,466116,nan,8.850000000000001
USW00053150,466305,nan,13.350000000000001
USW00053150,466495,nan,14.6
USW00053150,466687,nan,15.7
USW00053150,466871,nan,12.2
USW00053150,467054,nan,12.7
USW00053150,467237,nan,16.05
USW00053150,467414,nan,17.700000000000003
USW00053150,467588,nan,16.75
USW00053150,467765,nan,15.4
USW00053150,467953,nan,16.0
USW00053150,468130,nan,15.25
USW00053150,468315,nan,16.2
USW00053150,468496,nan,16.95
USW00053150,468677,nan,20.15
USW00053150,468842,nan,18.6
USW00053150,469012,nan,16.05
USW00053150,469183,nan,16.35
USW00053150,469353,nan,16.45
USW00053150,469530,nan,15.1
USW00053150,469719,nan,16.5
USW00053150,469895,nan,19.95
USW00053150,470080,nan,18.35
USW00053150,470256,nan,16.75
USW00053150,470429,nan,16.25
USW00053150,470615,nan,17.25
USW00053150,470790,nan,17.6
USW00053150,470972,nan,14.35
USW00053150,471160,nan,13.75
USW00053150,471342,nan,16.200000000000003
USW00053150,471528,nan,22.2
USW00053150,471706,nan,21.299999999999997
USW00053150,471879,nan,25.2
USW00053150,472050,nan,24.3
USW00053150,472220,nan,23.35
USW00053150,472395,nan,18.55
USW00053150,472558,nan,18.6
USW00053150,472730,nan,18.25
USW00053150,472905,nan,17.55
USW00053150,473084,nan,19.549999999999997
USW00053150,473263,nan,19.25
USW00053150,473439,nan,18.9
USW00053150,473603,nan,18.85
USW00053150,473776,nan,18.3
USW00053150,473952,nan,15.649999999999999
USW00053150,474127,nan,14.350000000000001
USW00053150,474299,nan,16.200000000000003
USW00053150,474474,nan,17.65
USW00053150,474655,nan,17.200000000000003
USW00053150,474826,nan,18.25
USW00053150,474990,nan,18.1
USW00053150,475164,nan,16.299999999999997
USW00053150,475354,nan,16.1
USW00053150,475545,nan,14.8
USW00053150,475725,nan,16.15
USW00053150,475901,nan,16.200000000000003
USW00053150,476079,nan,19.6
USW00053150,476268,nan,17.6
USW00053150,476409,nan,17.75
USW00053150,476596,nan,19.45
USW00053150,476764,nan,18.95
USW00053150,476936,nan,18.15
USW00053150,477107,nan,17.05
USW00053150,477273,nan,15.2
USW00053150,477439,nan,14.5
USW00053150,477617,nan,17.9
USW00053150,477789,nan,17.65
USW00053150,477962,nan,20.25
USW00053150,478133,nan,22.0
USW00053150,478309,nan,21.85
USW00053150,478481,nan,21.75
USW00053150,478656,nan,21.1
USW00053150,478835,nan,15.950000000000001
USW00053150,479008,nan,12.9
USW00053150,479189,nan,13.149999999999999
USW00053150,479370,nan,15.45
USW00053150,479526,nan,14.75
USW00053150,479708,nan,16.85
USW00053150,479886,nan,18.65
USW00053150,480069,nan,18.75
USW00053150,480237,nan,17.35
USW00053150,480417,nan,17.85
USW00053150,480598,nan,21.1
USW00053150,480766,nan,22.6
USW00053150,480960,nan,21.55
USW00053150,481154,nan,16.4
USW00053150,481351,nan,10.3
USW00053150,481536,nan,12.8
USW00053150,481719,nan,17.0
USW00053150,481893,nan,17.049999999999997
USW00053150,482076,nan,19.1
USW00053150,482249,nan,20.95
USW00053150,482414,nan,21.5
USW00053150,482590,nan,18.95
USW00053150,482747,nan,18.9
USW00053150,482944,nan,12.9
USW00053150,483117,nan,16.200000000000003
USW00053150,483288,nan,17.75
USW00053150,483472,nan,15.1
USW00053150,483653,nan,19.55
USW00053150,483830,nan,20.1
USW00053150,484014,nan,18.799999999999997
USW00053150,484206,nan,16.1
USW00053150,484374,nan,14.7
USW00053150,484544,nan,11.5
USW00053150,484707,nan,8.5
USW00053150,484889,nan,8.3
USW00053150,485076,nan,9.7
USW00053150,485268,nan,12.1
USW00053150,485450,nan,14.75
USW00053150,485628,nan,15.75
USW00053150,485792,nan,16.1
USW00053150,485961,nan,15.9
USW00053150,486133,nan,17.05
USW00053150,486307,nan,16.7
USW00053150,486461,nan,15.25
USW00053150,486632,nan,15.6
USW00053150,486811,nan,14.7
USW00053150,486970,nan,10.149999999999999
USW00053150,487115,nan,6.2
USW00053150,487195,nan,4.85
USW00053150,487234,nan,5.699999999999999
USW00053150,487407,nan,8.1
USW00053150,487587,nan,12.85
USW00053150,487763,nan,15.55
USW00053150,487954,nan,11.6
USW00053150,488133,nan,3.5
USW00053150,488294,nan,-2.65
USW00053150,488469,nan,-2.3
USW00053150,488655,nan,4.5
USW00053150,488872,nan,12.149999999999999
USW00053150,489058,nan,12.850000000000001
USW00053150,489228,nan,13.2
USW00053150,489420,nan,15.0
USW00053150,489575,nan,13.2
USW00053150,489739,nan,9.05
USW00053150,489893,nan,9.850000000000001
USW00053150,490060,nan,10.95
USW00053150,490250,nan,15.2
USW00053150,490421,nan,14.7
USW00053150,490592,nan,14.2
USW00053150,490770,nan,13.15
USW00053150,490949,nan,15.100000000000001
USW00053150,491115,nan,15.850000000000001
USW00053150,491275,nan,14.649999999999999
USW00053150,491434,nan,13.149999999999999
USW00053150,491592,nan,11.35
USW00053150,491772,nan,4.15
USW00053150,491905,nan,9.0
USW00053150,492025,nan,4.85
USW00053150,492155,nan,2.25
USW00053150,492274,nan,0.25
USW00053150,492434,nan,-0.8
USW00053150,492604,nan,4.550000000000001
USW00053150,492771,nan,12.2
USW00053150,492949,nan,9.75
USW00053150,493116,nan,-0.2
USW00053150,493219,nan,1.2999999999999998
USW00053150,493236,nan,-0.45
USW00053150,493383,nan,2.1
USW00053150,493550,nan,6.35
USW00053150,493736,nan,10.95
USW00053150,493907,nan,15.0
USW00053150,494096,nan,16.15
USW00053150,494286,nan,16.15
USW00053150,494463,nan,14.9
USW00053150,494627,nan,14.25
USW00053150,494777,nan,10.45
USW00053150,494936,nan,8.45
USW00053150,495107,nan,9.7
USW00053150,495265,nan,8.55
USW00053150,495438,nan,7.4
USW00053150,495607,nan,7.800000000000001
USW00053150,495777,nan,8.1
USW00053150,495933,nan,3.65
USW00053150,496033,nan,1.6
USW00053150,496182,nan,1.55
USW00053150,496383,nan,12.05
USW00053150,496572,nan,15.15
USW00053150,496754,nan,11.8
USW00053150,496933,nan,10.15
USW00053150,497114,nan,8.7
USW00053150,497298,nan,8.1
USW00053150,497474,nan,5.45
USW00053150,497623,nan,9.0
USW00053150,497783,nan,7.85
USW00053150,497975,nan,2.7
USW00053150,498149,nan,4.9
USW00053150,498342,nan,6.35
USW00053150,498522,nan,14.55
USW00053150,498700,nan,8.350000000000001
USW00053150,498877,nan,0.85
USW00053150,499013,nan,-8.6
USW00053150,499136,nan,-5.8
USW00053150,499238,nan,-7.4
USW00053150,499380,nan,-6.85
USW00053150,499564,nan,-4.85
USW00053150,499719,nan,-5.15
USW00053150,499858,nan,-2.6
USW00053150,500042,nan,1.8
USW00053150,500174,nan,-0.35
USW00053150,500309,nan,-5.9
USW00053150,500417,nan,-5.6
USW00053150,500529,nan,-2.3
USW00053150,500639,nan,-8.75
USW00053150,500766,nan,-6.75
USW00053150,500947,nan,1.65
USW00053150,501113,nan,6.4
USW00053150,501273,nan,9.0
USW00053150,501420,nan,7.15
USW00053151,501602,nan,10.6
USW00053151,501738,nan,12.55
USW00053151,501938,nan,14.7
USW00053151,502123,nan,12.6
USW00053151,502273,nan,11.6
USW00053151,502443,nan,11.2
USW00053151,502591,nan,11.1
USW00053151,502716,nan,11.850000000000001
USW00053151,502894,nan,12.5
USW00053151,503044,nan,11.45
USW00053151,503211,nan,12.45
USW00053151,503361,nan,12.850000000000001
USW00053151,503478,nan,10.9
USW00053151,503658,nan,13.35
USW00053151,503861,nan,18.05
USW00053151,504082,nan,17.75
USW00053151,504316,nan,23.299999999999997
USW00053151,504530,nan,25.049999999999997
USW00053151,504740,nan,23.2
USW00053151,504951,nan,16.200000000000003
USW00053151,505107,nan,13.0
USW00053151,505282,nan,12.350000000000001
USW00053151,505416,nan,10.6
USW00053151,505518,nan,9.25
USW00053151,505717,nan,9.5
USW00053151,505909,nan,9.85
USW00053151,506092,nan,11.25
USW00053151,506295,nan,11.25
USW00053151,506492,nan,11.05
USW00053151,506690,nan,13.3
USW00053151,506891,nan,12.3
USW00053151,507070,nan,12.45
USW00053151,507257,nan,12.85
USW00053151,507312,nan,14.9
USW00053151,507436,nan,13.1
USW00053151,507610,nan,12.7
USW00053151,507737,nan,12.75
USW00053151,507950,nan,14.95
USW00053151,508156,nan,14.95
USW00053151,508342,nan,12.649999999999999
USW00053151,508388,nan,14.95
USW00053151,508517,nan,13.6
USW00053151,508710,nan,13.1
USW00053151,508759,nan,17.5
USW00053151,508869,nan,13.4
USW00053151,509043,nan,14.149999999999999
USW00053151,509229,nan,13.149999999999999
USW00053151,509436,nan,14.0
USW00053151,509641,nan,21.8
USW00053151,509865,nan,17.4
USW00053151,510098,nan,18.5
USW00053151,510316,nan,17.0
USW00053151,510542,nan,22.15
USW00053151,510761,nan,23.75
USW00053151,510982,nan,25.0
USW00053151,511204,nan,27.9
USW00053151,511407,nan,23.1
USW00053151,511621,nan,15.3
USW00053151,511690,nan,18.65
USW00053151,511822,nan,14.100000000000001
USW00053151,511997,nan,14.3
USW00053151,512187,nan,13.9
USW00053151,512372,nan,14.3
USW00053151,512568,nan,16.1
USW00053151,512775,nan,17.049999999999997
USW00053151,513000,nan,17.0
USW00053151,513213,nan,16.75
USW00053151,513419,nan,16.05
USW00053151,513639,nan,19.5
USW00053151,513853,nan,21.9
USW00053151,514067,nan,15.6
USW00053151,514284,nan,14.8
USW00053151,514481,nan,15.5
USW00053151,514679,nan,16.15
USW00053151,514851,nan,16.85
USW00053151,515042,nan,19.4
USW00053151,515231,nan,17.0
USW00053151,515432,nan,18.1
USW00053151,515643,nan,17.3
USW00053151,515686,nan,17.75
USW00053151,515852,nan,17.700000000000003
USW00053151,516062,nan,17.9
USW00053151,516269,nan,19.3
USW00053151,516473,nan,15.649999999999999
USW00053151,516522,nan,18.6
USW00053151,516652,nan,15.8
USW00053151,516831,nan,14.9
USW00053151,517007,nan,14.95
USW00053151,517205,nan,16.15
USW00053151,517401,nan,15.3
USW00053151,517600,nan,15.0
USW00053151,517652,nan,16.1
USW00053151,517655,nan,17.5
USW00053151,517799,nan,16.299999999999997
USW00053151,517984,nan,19.2
USW00053151,518173,nan,16.1
USW00053151,518346,nan,16.95
USW00053151,518516,nan,18.1
USW00053151,518705,nan,16.5
USW00053151,518896,nan,15.649999999999999
USW00053151,518942,nan,18.75
USW00053151,519086,nan,16.0
USW00053151,519269,nan,16.65
USW00053151,519480,nan,17.75
USW00053151,519693,nan,21.049999999999997
USW00053151,519914,nan,19.85
USW00053151,520127,nan,18.450000000000003
USW00053151,520340,nan,19.3
USW00053151,520539,nan,18.75
USW00053151,520741,nan,18.1
USW00053151,520789,nan,19.5
USW00053151,520927,nan,17.95
USW00053151,521127,nan,17.200000000000003
USW00053151,521190,nan,17.8
USW00053151,521336,nan,15.7
USW00053151,521526,nan,15.6
USW00053151,521721,nan,18.0
USW00053151,521922,nan,18.65
USW00053151,522116,nan,17.95
USW00053151,522311,nan,17.45
USW00053151,522499,nan,16.75
USW00053151,522691,nan,16.65
USW00053151,522746,nan,17.6
USW00053151,522882,nan,15.0
USW00053151,522942,nan,16.6
USW00053151,523083,nan,15.7
USW00053151,523279,nan,16.45
USW00053151,523465,nan,16.75
USW00053151,523654,nan,17.299999999999997
USW00053151,523704,nan,17.35
USW00053151,523854,nan,19.15
USW00053151,524068,nan,20.15
USW00053151,524281,nan,17.05
USW00053151,524313,nan,18.0
USW00053151,524455,nan,17.1
USW00053151,524628,nan,17.05
USW00053151,524822,nan,20.4
USW00053151,525028,nan,19.25
USW00053151,525212,nan,18.3
USW00053151,525388,nan,17.1
USW00053151,525591,nan,20.1
USW00053151,525802,nan,21.8
USW00053151,526013,nan,23.1
USW00053151,526221,nan,22.0
USW00053151,526423,nan,23.0
USW00053151,526651,nan,16.3
USW00053151,526705,nan,21.2
USW00053151,526821,nan,16.3
USW00053151,527011,nan,17.45
USW00053151,527191,nan,15.25
USW00053151,527367,nan,16.05
USW00053151,527517,nan,16.45
USW00053151,527683,nan,15.75
USW00053151,527742,nan,18.0
USW00053151,527876,nan,17.5
USW00053151,528101,nan,24.799999999999997
USW00053151,528311,nan,17.5
USW00053151,528352,nan,16.75
USW00053151,528516,nan,16.95
USW00053151,528556,nan,17.95
USW00053151,528703,nan,18.6
USW00053151,528919,nan,16.35
USW00053151,529098,nan,15.0
USW00053151,529269,nan,14.15
USW00053151,529453,nan,15.3
USW00053151,529657,nan,21.0
USW00053151,529869,nan,22.85
USW00053151,530081,nan,18.3
USW00053151,530299,nan,19.55
USW00053151,530516,nan,18.65
USW00053151,530737,nan,19.9
USW00053151,530971,nan,25.1
USW00053151,531191,nan,27.6
USW00053151,531385,nan,25.45
USW00053151,531584,nan,17.75
USW00053151,531762,nan,15.8
USW00053151,531905,nan,15.0
USW00053151,532079,nan,15.1
USW00053151,532276,nan,21.4
USW00053151,532483,nan,23.799999999999997
USW00053151,532694,nan,23.9
USW00053151,532863,nan,16.35
USW00053151,533026,nan,12.1
USW00053151,533213,nan,9.600000000000001
USW00053151,533423,nan,13.4
USW00053151,533624,nan,17.6
USW00053151,533826,nan,21.799999999999997
USW00053151,534054,nan,20.6
USW00053151,534270,nan,20.4
USW00053151,534471,nan,20.200000000000003
USW00053151,534686,nan,16.3
USW00053151,534880,nan,13.4
USW00053151,535059,nan,15.7
USW00053151,535269,nan,20.6
USW00053151,535472,nan,22.05
USW00053151,535677,nan,19.35
USW00053151,535881,nan,19.049999999999997
USW00053151,536088,nan,19.95
USW00053151,536308,nan,21.1
USW00053151,536525,nan,22.3
USW00053151,536740,nan,22.9
USW00053151,536951,nan,20.049999999999997
USW00053151,537150,nan,18.65
USW00053151,537349,nan,21.2
USW00053151,537541,nan,17.549999999999997
USW00053151,537718,nan,12.850000000000001
USW00053151,537894,nan,12.649999999999999
USW00053151,538040,nan,11.2
USW00053151,538240,nan,14.1
USW00053151,538443,nan,19.3
USW00053151,538642,nan,17.5
USW00053151,538853,nan,14.0
USW00053151,539012,nan,11.55
USW00053151,539188,nan,10.4
USW00053151,539380,nan,13.350000000000001
USW00053151,539583,nan,17.8
USW00053151,539799,nan,19.549999999999997
USW00053151,540006,nan,22.200000000000003
USW00053151,540209,nan,21.25
USW00053151,540415,nan,19.85
USW00053151,540607,nan,19.0
USW00053151,540805,nan,19.5
USW00053151,540999,nan,17.95
USW00053151,541196,nan,17.55
USW00053151,541412,nan,19.200000000000003
USW00053151,541625,nan,10.350000000000001
USW00053151,541831,nan,11.6
USW00053151,542018,nan,13.4
USW00053151,542199,nan,13.5
USW00053151,542342,nan,12.850000000000001
USW00053151,542479,nan,12.350000000000001
USW00053151,542645,nan,11.2
USW00053151,542847,nan,11.2
USW00053151,543054,nan,16.3
USW00053151,543268,nan,9.45
USW00053151,543319,nan,10.25
USW00053151,543382,nan,13.8
USW00053151,543456,nan,11.149999999999999
USW00053151,543628,nan,10.850000000000001
USW00053151,543784,nan,11.35
USW00053151,543977,nan,15.25
USW00053151,544170,nan,16.35
USW00053151,544339,nan,11.95
USW00053151,544478,nan,8.85
USW00053151,544695,nan,10.6
USW00053151,544904,nan,13.600000000000001
USW00053151,545118,nan,13.1
USW00053151,545299,nan,10.75
USW00053151,545433,nan,7.85
USW00053151,545609,nan,6.9
USW00053151,545726,nan,8.2
USW00053151,545899,nan,8.3
USW00053151,546015,nan,3.25
USW00053151,546192,nan,4.2
USW00053151,546380,nan,5.05
USW00053151,546545,nan,7.55
USW00053151,546735,nan,8.65
USW00053151,546860,nan,7.65
USW00053151,547013,nan,7.75
USW00053151,547173,nan,8.4
USW00053151,547321,nan,5.5
USW00053151,547525,nan,4.05
USW00053151,547712,nan,6.300000000000001
USW00053151,547902,nan,10.05
USW00053151,548099,nan,12.149999999999999
USW00053151,548315,nan,11.850000000000001
USW00053152,548600,nan,17.3
USW00053152,548752,nan,16.7
USW00053152,548881,nan,17.1
USW00053152,549020,nan,17.75
USW00053152,549163,nan,15.05
USW00053152,549333,nan,16.65
USW00053152,549529,nan,15.8
USW00053152,549701,nan,18.5
USW00053152,549839,nan,16.6
USW00053152,549953,nan,17.25
USW00053152,550138,nan,16.65
USW00053152,550282,nan,18.15
USW00053152,550458,nan,17.05
USW00053152,550589,nan,16.35
USW00053152,550694,nan,16.95
USW00053152,550829,nan,17.4
USW00053152,550958,nan,17.4
USW00053152,551106,nan,17.4
USW00053152,551262,nan,16.75
USW00053152,551443,nan,17.200000000000003
USW00053152,551580,nan,16.55
USW00053152,551714,nan,17.75
USW00053152,551850,nan,17.7
USW00053152,551979,nan,17.8
USW00053152,552088,nan,16.8
USW00053152,552210,nan,16.1
USW00053152,552344,nan,14.350000000000001
USW00053152,552489,nan,13.2
USW00053152,552660,nan,16.45
USW00053152,552768,nan,17.4
USW00053152,552906,nan,13.3
USW00053152,553074,nan,14.05
USW00053152,553275,nan,15.7
USW00053152,553449,nan,14.9
USW00053152,553616,nan,16.9
USW00053152,553803,nan,15.399999999999999
USW00053152,554008,nan,15.5
USW00053152,554221,nan,14.75
USW00053152,554407,nan,13.65
USW00053152,554595,nan,13.25
USW00053152,554682,nan,20.15
USW00053152,554746,nan,15.149999999999999
USW00053152,554863,nan,15.350000000000001
USW00053152,555024,nan,14.350000000000001
USW00053152,555098,nan,20.7
USW00053152,555217,nan,14.75
USW00053152,555358,nan,14.649999999999999
USW00053152,555499,nan,13.45
USW00053152,555669,nan,14.25
USW00053152,555874,nan,16.8
USW00053152,556097,nan,18.15
USW00053152,556317,nan,16.9
USW00053152,556484,nan,16.0
USW00053152,556635,nan,17.25
USW00053152,556833,nan,13.25
USW00053152,557034,nan,13.6
USW00053152,557253,nan,14.8
USW00053152,557462,nan,14.55
USW00053152,557685,nan,16.200000000000003
USW00053152,557917,nan,14.55
USW00053152,558131,nan,11.25
USW00053152,558355,nan,8.3
USW00053152,558579,nan,9.2
USW00053152,558809,nan,10.9
USW00053152,559040,nan,11.1
USW00053152,559271,nan,12.25
USW00053152,559488,nan,14.0
USW00053152,559651,nan,10.45
USW00053152,559835,nan,11.95
USW00053152,560045,nan,10.85
USW00053152,560253,nan,11.2
USW00053152,560476,nan,12.5
USW00053152,560712,nan,11.2
USW00053152,560925,nan,11.0
USW00053152,561100,nan,13.45
USW00053152,561259,nan,10.15
USW00053152,561461,nan,11.899999999999999
USW00053152,561659,nan,13.05
USW00053152,561879,nan,14.35
USW00053152,562023,nan,17.4
USW00053152,562211,nan,17.0
USW00053152,562380,nan,16.3
USW00053152,562547,nan,11.75
USW00053152,562726,nan,13.3
USW00053152,562923,nan,10.649999999999999
USW00053152,563144,nan,9.55
USW00053152,563348,nan,11.8
USW00053152,563561,nan,11.4
USW00053152,563771,nan,15.350000000000001
USW00053152,563927,nan,13.55
USW00053152,564118,nan,8.55
USW00053152,564313,nan,12.100000000000001
USW00053152,564536,nan,13.5
USW00053152,564768,nan,16.0
USW00053152,565001,nan,12.25
USW00053152,565225,nan,11.95
USW00053152,565443,nan,12.149999999999999
USW00053152,565677,nan,10.95
USW00053152,565877,nan,10.0
USW00053152,565958,nan,13.2
USW00053152,566091,nan,10.7
USW00053152,566301,nan,10.05
USW00053152,566521,nan,9.6
USW00053152,566731,nan,9.65
USW00053152,566831,nan,15.3
USW00053152,566997,nan,10.75
USW00053152,567160,nan,14.95
USW00053152,567297,nan,11.8
USW00053152,567499,nan,12.55
USW00053152,567672,nan,9.2
USW00053152,567850,nan,9.5
USW00053152,568030,nan,9.7
USW00053152,568217,nan,12.649999999999999
USW00053152,568342,nan,13.850000000000001
USW00053152,568466,nan,12.8
USW00053152,568611,nan,7.85
USW00053152,568798,nan,8.05
USW00053152,568992,nan,12.6
USW00053152,569192,nan,9.5
USW00053152,569391,nan,7.85
USW00053152,569577,nan,7.0
USW00053152,569781,nan,8.95
USW00053152,569978,nan,9.55
USW00053152,570156,nan,8.649999999999999
USW00053152,570325,nan,9.0
USW00053152,570485,nan,8.7
USW00053152,570658,nan,5.25
USW00053152,570838,nan,8.05
USW00053152,570996,nan,9.55
USW00053152,571197,nan,4.05
USW00053152,571399,nan,8.3
USW00053152,571606,nan,6.2
USW00053152,571773,nan,11.55
USW00053152,571911,nan,9.350000000000001
USW00053152,572082,nan,6.199999999999999
USW00053152,572201,nan,11.9
USW00053152,572331,nan,8.75
USW00053152,572495,nan,4.75
USW00053152,572673,nan,3.95
USW00053152,572862,nan,5.95
USW00053152,573054,nan,6.45
USW00053152,573250,nan,6.5
USW00053175,575581,nan,16.5
USW00053175,580995,nan,16.5
USW00053175,581576,nan,18.5
USW00093104,590846,nan,28.5
USW00093107,599930,nan,13.0
USW00093107,599973,nan,13.350000000000001
USW00093107,599993,nan,11.95
USW00093107,600005,nan,11.95
USW00093107,600008,nan,12.1
USW00093107,600011,nan,12.5
USW00093107,600013,nan,13.5
USW00093107,600017,nan,14.5
USW00093107,600020,nan,15.85
USW00093107,600072,nan,11.3
USW00093107,600128,nan,10.0
USW00093107,600130,nan,10.1
USW00093107,600141,nan,8.85
USW00093107,600150,nan,15.65
USW00093107,609378,nan,20.5
USW00093107,610986,nan,24.45
USW00093107,614784,nan,26.4
USW00093107,615413,nan,22.5
USW00093111,632364,nan,15.3
USW00093111,640354,nan,16.7
USW00093111,642225,nan,21.65
USW00093111,643373,nan,24.15
USW00093111,645616,nan,9.75
USW00093112,646604,nan,16.7
USW00093112,646741,nan,16.65
USW00093112,646787,nan,13.7
USW00093112,646793,nan,16.1
USW00093115,656477,nan,10.0
USW00093115,660253,nan,11.5
USW00093115,662238,nan,15.7
USW00093115,664297,nan,21.0
USW00093115,666690,nan,21.95
USW00093115,667320,nan,31.4
USW00093115,667368,nan,21.25
USW00093115,667402,nan,36.55
USW00093115,667452,nan,35.0
USW00093115,668311,nan,17.5
USW00093115,670268,nan,17.5
USW00093115,670883,nan,12.1
USW00093116,675005,nan,17.0
USW00093116,675007,nan,16.5
USW00093116,675009,nan,16.5
USW00093116,675011,nan,19.5
USW00093116,675013,nan,22.0
USW00093116,675371,nan,18.3
USW00093116,676266,nan,14.15
USW00093116,676768,nan,13.9
USW00093116,677608,nan,12.75
USW00093116,678441,nan,22.0
USW00093116,678481,nan,35.0
USW00093116,680026,nan,20.55
USW00093116,680449,nan,22.799999999999997
USW00093116,683115,nan,20.8
USW00093116,684929,nan,12.1
USW00093117,685318,nan,13.350000000000001
USW00093117,686514,nan,16.4
USW00093117,689091,nan,20.5
USW00093117,690659,nan,19.2
USW00093121,691992,nan,3.45
USW00093121,691994,nan,6.95
USW00093121,691996,nan,7.1
USW00093121,693573,nan,21.65
USW00093121,693694,nan,7.2
USW00093121,694829,nan,10.5
USW00093121,695332,nan,10.0
USW00093121,695550,nan,16.4
USW00093121,695639,nan,14.15
USW00093121,695993,nan,27.5
USW00093121,696053,nan,21.8
USW00093121,696321,nan,10.0
USW00093121,696566,nan,28.5
USW00093121,696691,nan,12.5
USW00093121,696876,nan,16.95
USW00093121,697619,nan,21.950000000000003
USW00093121,698915,nan,39.7
USW00093121,699722,nan,30.0
USW00093121,706298,nan,17.2
USW00093121,706307,nan,11.85
USW00093134,711723,nan,22.799999999999997
USW00093134,715614,nan,21.8
USW00093136,717422,nan,0.5
USW00093136,717771,nan,3.0
USW00093136,718127,nan,7.5
USW00093136,718814,nan,5.5
USW00093136,719170,nan,14.0
USW00093136,719538,nan,12.0
USW00093138,732496,nan,36.4
USW00093138,732943,nan,31.65
USW00093144,743892,nan,25.0
USW00093144,749611,nan,32.5
USW00093144,749653,nan,24.5
USW00093144,749794,nan,17.5
USW00093144,749800,nan,20.5
USW00093144,749842,nan,15.5
USW00093144,749944,nan,13.5
USW00093144,750010,nan,20.0
USW00093144,750082,nan,11.5
USW00093144,750141,nan,11.0
USW00093144,750150,nan,7.0
USW00093144,750208,nan,6.0
USW00093144,750227,nan,9.5
USW00093144,750247,nan,22.5
USW00093144,750297,nan,22.5
USW00093144,750299,nan,23.5
USW00093144,750302,nan,24.0
USW00093144,750308,nan,25.0
USW00093144,750420,nan,25.5
USW00093144,750875,nan,10.0
USW00093144,750885,nan,18.0
USW00093144,751243,nan,19.0
USW00093144,751302,nan,16.5
USW00093184,755827,nan,14.7
USW00093184,755830,nan,15.5
USW00093184,755832,nan,16.0
USW00093184,755916,nan,11.6
USW00093184,756081,nan,12.5
USW00093184,756318,nan,13.45
USW00093193,769290,nan,25.05
USW00093194,774519,nan,8.5
USW00093194,774523,nan,8.0
USW00093194,774552,nan,2.5
USW00093194,774558,nan,3.5
USW00093194,774567,nan,2.0
USW00093194,774596,nan,11.0
USW00093194,774615,nan,4.0
USW00093194,774646,nan,2.0
USW00093194,774659,nan,3.5
USW00093194,774662,nan,6.0
USW00093194,774706,nan,8.5
USW00093194,774708,nan,5.5
USW00093194,774713,nan,6.5
USW00093194,774755,nan,8.5
USW00093194,774762,nan,6.5
USW00093194,774793,nan,4.0
USW00093194,774815,nan,18.0
USW00093194,774833,nan,19.5
USW00093194,774845,nan,17.5
USW00093194,774868,nan,5.0
USW00093194,774880,nan,15.0
USW00093194,774882,nan,14.0
USW00093194,774906,nan,7.5
USW00093194,774914,nan,4.5
USW00093194,774936,nan,8.0
USW00093194,774954,nan,8.5
USW00093194,774984,nan,15.5
USW00093194,774995,nan,11.5
USW00093194,775002,nan,14.0
USW00093194,775027,nan,10.5
USW00093194,775076,nan,11.5
USW00093194,775080,nan,19.0
USW00093194,775082,nan,14.0
USW00093194,775111,nan,17.5
USW00093194,775114,nan,20.0
USW00093194,775154,nan,8.0
USW00093194,775169,nan,20.5
USW00093194,775205,nan,15.0
USW00093194,775213,nan,10.0
USW00093194,775231,nan,19.5
USW00093194,775259,nan,22.0
USW00093194,775283,nan,12.0
USW00093194,775291,nan,14.5
USW00093194,775308,nan,17.5
USW00093194,775314,nan,18.5
USW00093194,775336,nan,19.5
USW00093194,775358,nan,19.5
USW00093194,775377,nan,16.0
USW00093194,775411,nan,20.0
USW00093194,775427,nan,28.0
USW00093194,775433,nan,19.5
USW00093194,775436,nan,20.5
USW00093194,775447,nan,18.0
USW00093194,775477,nan,18.0
USW00093194,775483,nan,16.0
USW00093194,775511,nan,18.5
USW00093194,775536,nan,25.0
USW00093194,775585,nan,17.0
USW00093194,775589,nan,19.0
USW00093194,775607,nan,21.5
USW00093194,775615,nan,20.5
USW00093194,775635,nan,19.0
USW00093194,775682,nan,24.0
USW00093194,775686,nan,22.0
USW00093194,775712,nan,6.0
USW00093194,775714,nan,20.0
USW00093194,775738,nan,32.0
USW00093194,775749,nan,30.5
USW00093194,775801,nan,14.5
USW00093194,775892,nan,22.0
USW00093194,775940,nan,21.5
USW00093194,775975,nan,29.0
USW00093194,776084,nan,36.5
USW00093194,776131,nan,24.0
USW00093194,776154,nan,24.5
USW00093194,776168,nan,35.0
USW00093194,776175,nan,34.5
USW00093194,776183,nan,36.5
USW00093194,776198,nan,21.5
USW00093194,776224,nan,34.5
USW00093194,776264,nan,39.0
USW00093194,776296,nan,26.0
USW00093194,776310,nan,30.0
USW00093194,776332,nan,28.0
USW00093194,776347,nan,31.0
USW00093194,776357,nan,32.0
USW00093194,776372,nan,25.0
USW00093194,776401,nan,24.0
USW00093194,776403,nan,35.0
USW00093194,776451,nan,26.5
USW00093194,776474,nan,29.0
USW00093194,776482,nan,30.0
USW00093194,776486,nan,37.0
USW00093194,776496,nan,34.0
USW00093194,776517,nan,35.5
USW00093194,776528,nan,34.5
USW00093194,776536,nan,34.5
USW00093194,776549,nan,32.5
USW00093194,776618,nan,29.0
USW00093194,776625,nan,35.0
USW00093194,776628,nan,30.0
USW00093194,776630,nan,25.0
USW00093194,776652,nan,32.0
USW00093194,776680,nan,29.0
USW00093194,776720,nan,30.0
USW00093194,776733,nan,37.0
USW00093194,776799,nan,27.5
USW00093194,776806,nan,36.5
USW00093194,776829,nan,28.5
USW00093194,776861,nan,26.5
USW00093194,776873,nan,32.0
USW00093194,776883,nan,22.0
USW00093194,776892,nan,23.5
USW00093194,776923,nan,23.0
USW00093194,776943,nan,27.5
USW00093194,776965,nan,32.0
USW00093194,776969,nan,29.0
USW00093194,776974,nan,31.5
USW00093194,776980,nan,23.5
USW00093194,777019,nan,25.5
USW00093194,777058,nan,27.5
USW00093194,777082,nan,27.0
USW00093194,777129,nan,16.0
USW00093194,777131,nan,15.5
USW00093194,777138,nan,12.0
USW00093194,777146,nan,15.5
USW00093194,777215,nan,14.5
USW00093194,777272,nan,14.5
USW00093194,777363,nan,13.5
USW00093194,777376,nan,15.0
USW00093194,777378,nan,20.0
USW00093194,777636,nan,3.5
USW00093194,777651,nan,6.5
USW00093194,777653,nan,8.5
USW00093194,777663,nan,4.5
USW00093194,777687,nan,4.5
USW00093194,777717,nan,1.0
USW00093194,777773,nan,3.0
USW00093194,777776,nan,5.0
USW00093197,782175,nan,16.950000000000003
USW00093197,784429,nan,18.9
USW00093197,784460,nan,19.5
USW00093197,784513,nan,20.55
USW00093197,784597,nan,21.1
USW00093197,784768,nan,23.3
USW00093201,788091,nan,1.0
USW00093201,788176,nan,-4.5
USW00093201,788322,nan,-4.5
USW00093201,788326,nan,1.5
USW00093201,789103,nan,-4.0
USW00093201,789636,nan,-3.5
USW00093201,795607,nan,25.5
USW00093203,803170,nan,1.0
USW00093205,806642,nan,4.5
USW00093205,810676,nan,24.75
USW00093205,811093,nan,29.450000000000003
USW00093205,811688,nan,30.0
USW00093205,812397,nan,24.2
USW00093205,812886,nan,22.2
USW00093206,828724,nan,26.4
USW00093206,829588,nan,13.9
USW00093210,845763,nan,16.7
USW00093210,849670,nan,33.05
USW00093210,850333,nan,23.049999999999997
USW00093210,851985,nan,8.0
USW00093214,855084,nan,8.0
USW00093214,861766,nan,16.9
USW00093214,862146,nan,16.2
USW00093214,862153,nan,19.5
USW00093214,862204,nan,17.5
USW00093214,863719,nan,24.75
USW00093214,864292,nan,20.0
USW00093216,874151,nan,29.0
USW00093216,874197,nan,24.5
USW00093216,875273,nan,19.0
USW00093216,875390,nan,29.0
USW00093216,876687,nan,33.0
USW00093216,876689,nan,34.5
USW00093216,876691,nan,35.5
USW00093216,879436,nan,21.0
USW00093216,879487,nan,24.5
USW00093225,884862,nan,-1.0
USW00093225,884871,nan,-1.05
USW00093225,884951,nan,10.0
USW00093225,885081,nan,7.4
USW00093225,885206,nan,3.15
USW00093225,886728,nan,18.1
USW00093225,887624,nan,8.600000000000001
USW00093225,892807,nan,6.4
USW00093225,892916,nan,6.699999999999999
USW00093225,892996,nan,5.0
USW00093225,893063,nan,4.45
USW00093227,901054,nan,33.9
USW00093227,901070,nan,12.25
USW00093227,901072,nan,13.649999999999999
USW00093227,901330,nan,15.25
USW00093228,904812,nan,9.4
USW00093228,904918,nan,6.1
USW00093228,905135,nan,7.5
USW00093228,905595,nan,10.9
USW00093228,906189,nan,10.3
USW00093230,920847,nan,20.549999999999997
USW00093230,922787,nan,5.55
USW00093230,924197,nan,10.25
USW00093231,924757,nan,11.5
USW00093231,925709,nan,17.0
USW00093231,925779,nan,16.5
USW00093231,926087,nan,17.0
USW00093231,926392,nan,28.0
USW00093231,926820,nan,19.5
USW00093231,926925,nan,15.5
USW00093231,926927,nan,19.0
USW00093231,926975,nan,19.5
USW00093231,927443,nan,19.5
USW00093231,927720,nan,25.5
USW00093231,928779,nan,10.0
USW00093232,929120,nan,8.5
USW00093232,929708,nan,10.5
USW00093232,930434,nan,16.0
USW00093232,930795,nan,14.5
USW00093232,930867,nan,15.5
USW00093232,931429,nan,20.0
USW00093232,931542,nan,27.0
USW00093232,931569,nan,20.5
USW00093232,931608,nan,16.0
USW00093232,931653,nan,16.0
USW00093232,931683,nan,15.5
USW00093232,931688,nan,21.5
USW00093232,931706,nan,27.0
USW00093232,931935,nan,26.5
USW00093232,932415,nan,20.0
USW00093232,932608,nan,21.5
USW00093232,933062,nan,23.0
USW00093232,933686,nan,27.5
USW00093232,933749,nan,23.0
USW00093241,939940,nan,29.5
USW00093241,940566,nan,22.0
USW00093241,941093,nan,31.5
USW00093242,946175,nan,15.55
USW00093242,948543,nan,31.95
USW00093243,953136,nan,-1.75
USW00093243,953335,nan,-2.2
USW00093243,953425,nan,6.300000000000001
USW00093243,953528,nan,2.55
USW00093243,953715,nan,9.2
USW00093243,953864,nan,8.9
USW00093243,954043,nan,4.85
USW00093243,954223,nan,7.199999999999999
USW00093243,954424,nan,4.45
USW00093243,954574,nan,5.55
USW00093243,954720,nan,7.65
USW00093243,954843,nan,6.95
USW00093243,954943,nan,8.8
USW00093243,955116,nan,7.85
USW00093243,955286,nan,2.2
USW00093243,955384,nan,9.600000000000001
USW00093243,955479,nan,1.4
USW00093243,955661,nan,0.5
USW00093243,955853,nan,-2.6
USW00093243,956080,nan,0.9500000000000001
USW00093243,956173,nan,3.95
USW00093243,956309,nan,1.0
USW00093243,956525,nan,1.75
USW00093243,956737,nan,2.75
USW00093243,956932,nan,6.050000000000001
USW00093243,957060,nan,5.0
USW00093243,957143,nan,5.2
USW00093243,957284,nan,5.55
USW00093243,957416,nan,12.9
USW00093243,957614,nan,10.5
USW00093243,957793,nan,9.5
USW00093243,957987,nan,1.25
USW00093243,958171,nan,3.7
USW00093243,958377,nan,3.65
USW00093243,958532,nan,8.2
USW00093243,958735,nan,2.65
USW00093243,958901,nan,6.3
USW00093243,959072,nan,4.3
USW00093243,959267,nan,3.0
USW00093243,959486,nan,3.55
USW00093243,959711,nan,3.25
USW00093243,959925,nan,6.15
USW00093243,960144,nan,4.35
USW00093243,960248,nan,9.25
USW00093243,960361,nan,5.15
USW00093243,960577,nan,5.4
USW00093243,960669,nan,10.35
USW00093243,960799,nan,5.75
USW00093243,961007,nan,7.15
USW00093243,961210,nan,8.899999999999999
USW00093243,961392,nan,5.8
USW00093243,961617,nan,2.6500000000000004
USW00093243,961844,nan,5.8
USW00093243,961931,nan,7.1
USW00093243,962076,nan,6.75
USW00093243,962289,nan,5.45
USW00093243,962483,nan,9.25
USW00093243,962676,nan,7.4
USW00093243,962833,nan,8.6
USW00093243,962989,nan,6.15
USW00093243,963174,nan,8.85
USW00093243,963353,nan,7.35
USW00093243,963424,nan,10.25
USW00093243,963554,nan,3.75
USW00093243,963628,nan,8.75
USW00093243,963760,nan,8.25
USW00093243,963978,nan,8.350000000000001
USW00093243,964062,nan,11.95
USW00093243,964188,nan,8.350000000000001
USW00093243,964401,nan,10.3
USW00093243,964615,nan,10.4
USW00093243,964802,nan,4.65
USW00093243,965009,nan,6.55
USW00093243,965232,nan,6.4
USW00093243,965444,nan,6.4
USW00093243,965660,nan,6.85
USW00093243,965869,nan,10.649999999999999
USW00093243,966083,nan,7.550000000000001
USW00093243,966314,nan,8.3
USW00093243,966534,nan,12.3
USW00093243,966752,nan,9.2
USW00093243,966966,nan,12.85
USW00093243,967171,nan,6.699999999999999
USW00093243,967399,nan,4.9
USW00093243,967609,nan,9.149999999999999
USW00093243,967782,nan,7.75
USW00093243,967997,nan,5.9
USW00093243,968205,nan,11.25
USW00093243,968436,nan,5.7
USW00093243,968665,nan,3.05
USW00093243,968880,nan,5.55
USW00093243,969118,nan,8.05
USW00093243,969349,nan,6.95
USW00093243,969578,nan,7.3
USW00093243,969796,nan,8.35
USW00093243,970018,nan,6.95
USW00093243,970237,nan,4.8
USW00093243,970443,nan,12.1
USW00093243,970606,nan,8.2
USW00093243,970803,nan,3.5
USW00093243,971023,nan,5.45
USW00093243,971237,nan,6.4
USW00093243,971443,nan,7.5
USW00093243,971669,nan,8.65
USW00093243,971899,nan,6.4
USW00093243,972135,nan,5.9
USW00093243,972377,nan,4.449999999999999
USW00093243,972598,nan,8.6
USW00093243,972822,nan,5.05
USW00093243,973060,nan,5.4
USW00093243,973279,nan,7.2
USW00093243,973512,nan,11.45
USW00093243,973740,nan,13.350000000000001
USW00093243,973975,nan,14.8
USW00093243,974215,nan,5.0
USW00093243,974238,nan,3.7
USW00093243,974440,nan,5.7
USW00093243,974660,nan,7.0
USW00093243,974891,nan,8.850000000000001
USW00093243,975127,nan,9.85
USW00093243,975350,nan,3.15
USW00093243,975575,nan,2.2
USW00093243,975805,nan,2.2
USW00093243,976022,nan,9.2
USW00093243,976241,nan,2.7
USW00093243,976475,nan,5.699999999999999
USW00093243,976707,nan,9.0
USW00093243,976935,nan,12.45
USW00093243,977166,nan,15.9
USW00093243,977392,nan,11.850000000000001
USW00093243,977619,nan,6.25
USW00093243,977840,nan,6.300000000000001
USW00093243,978070,nan,6.45
USW00093243,978306,nan,6.75
USW00093243,978542,nan,8.35
USW00093243,978761,nan,9.45
USW00093243,979006,nan,10.3
USW00093243,979230,nan,14.5
USW00093243,979450,nan,11.35
USW00093243,979682,nan,8.85
USW00093243,979907,nan,7.9
USW00093243,980142,nan,13.55
USW00093243,980357,nan,12.0
USW00093243,980565,nan,19.05
USW00093243,980794,nan,12.6
USW00093243,981010,nan,17.25
USW00093243,981225,nan,21.700000000000003
USW00093243,981459,nan,20.0
USW00093243,981694,nan,21.85
USW00093243,981925,nan,17.9
USW00093243,982164,nan,17.8
USW00093243,982408,nan,12.0
USW00093243,982621,nan,19.25
USW00093243,982806,nan,10.5
USW00093243,983025,nan,12.6
USW00093243,983182,nan,11.45
USW00093243,983369,nan,13.0
USW00093243,983582,nan,11.75
USW00093243,983790,nan,10.55
USW00093243,984013,nan,10.45
USW00093243,984242,nan,8.4
USW00093243,984468,nan,12.100000000000001
USW00093243,984688,nan,10.2
USW00093243,984909,nan,8.95
USW00093243,985150,nan,11.100000000000001
USW00093243,985374,nan,13.649999999999999
USW00093243,985596,nan,11.35
USW00093243,985830,nan,13.25
USW00093243,986052,nan,9.75
USW00093243,986280,nan,13.0
USW00093243,986505,nan,14.8
USW00093243,986743,nan,17.3
USW00093243,986943,nan,23.0
USW00093243,987148,nan,15.05
USW00093243,987370,nan,13.8
USW00093243,987598,nan,16.299999999999997
USW00093243,987819,nan,16.1
USW00093243,988053,nan,15.75
USW00093243,988290,nan,14.25
USW00093243,988531,nan,16.25
USW00093243,988764,nan,15.55
USW00093243,988999,nan,16.35
USW00093243,989231,nan,20.35
USW00093243,989464,nan,15.2
USW00093243,989686,nan,13.649999999999999
USW00093243,989917,nan,15.450000000000001
USW00093243,990143,nan,16.6
USW00093243,990366,nan,13.95
USW00093243,990601,nan,16.8
USW00093243,990814,nan,17.4
USW00093243,991034,nan,15.3
USW00093243,991266,nan,13.899999999999999
USW00093243,991492,nan,15.7
USW00093243,991714,nan,14.75
USW00093243,991948,nan,18.299999999999997
USW00093243,992173,nan,15.950000000000001
USW00093243,992397,nan,13.9
USW00093243,992617,nan,17.65
USW00093243,992856,nan,19.7
USW00093243,993078,nan,21.4
USW00093243,993290,nan,23.3
USW00093243,993509,nan,21.6
USW00093243,993731,nan,17.0
USW00093243,993972,nan,17.25
USW00093243,994194,nan,18.85
USW00093243,994416,nan,21.049999999999997
USW00093243,994627,nan,18.549999999999997
USW00093243,994844,nan,17.15
USW00093243,995067,nan,18.65
USW00093243,995301,nan,15.0
USW00093243,995529,nan,17.25
USW00093243,995749,nan,15.45
USW00093243,995971,nan,14.05
USW00093243,996177,nan,12.3
USW00093243,996402,nan,14.399999999999999
USW00093243,996634,nan,17.05
USW00093243,996863,nan,16.55
USW00093243,996879,nan,13.45
USW00093243,997101,nan,18.8
USW00093243,997317,nan,20.45
USW00093243,997554,nan,13.35
USW00093243,997779,nan,13.55
USW00093243,998019,nan,14.55
USW00093243,998255,nan,17.9
USW00093243,998478,nan,18.950000000000003
USW00093243,998709,nan,16.45
USW00093243,998935,nan,15.600000000000001
USW00093243,999166,nan,14.9
USW00093243,999357,nan,16.65
USW00093243,999576,nan,19.75
USW00093243,999798,nan,19.65
USW00093243,1000021,nan,16.65
USW00093243,1000256,nan,12.8
USW00093243,1000469,nan,15.7
USW00093243,1000692,nan,16.0
USW00093243,1000913,nan,17.4
USW00093243,1001136,nan,18.65
USW00093243,1001362,nan,21.15
USW00093243,1001587,nan,18.25
USW00093243,1001797,nan,21.15
USW00093243,1002022,nan,17.549999999999997
USW00093243,1002243,nan,15.75
USW00093243,1002464,nan,12.7
USW00093243,1002688,nan,14.0
USW00093243,1002915,nan,18.2
USW00093243,1003140,nan,16.6
USW00093243,1003375,nan,16.45
USW00093243,1003594,nan,16.5
USW00093243,1003833,nan,18.75
USW00093243,1004059,nan,14.85
USW00093243,1004269,nan,16.0
USW00093243,1004485,nan,18.8
USW00093243,1004704,nan,19.5
USW00093243,1004927,nan,20.8
USW00093243,1005152,nan,16.7
USW00093243,1005385,nan,10.45
USW00093243,1005591,nan,11.45
USW00093243,1005825,nan,14.850000000000001
USW00093243,1006058,nan,14.65
USW00093243,1006289,nan,17.35
USW00093243,1006513,nan,19.15
USW00093243,1006740,nan,18.25
USW00093243,1006975,nan,14.75
USW00093243,1007207,nan,13.95
USW00093243,1007449,nan,11.100000000000001
USW00093243,1007669,nan,13.85
USW00093243,1007893,nan,14.55
USW00093243,1008126,nan,11.05
USW00093243,1008356,nan,12.850000000000001
USW00093243,1008575,nan,14.95
USW00093243,1008803,nan,15.15
USW00093243,1009027,nan,14.7
USW00093243,1009250,nan,12.3
USW00093243,1009474,nan,10.75
USW00093243,1009691,nan,13.149999999999999
USW00093243,1009919,nan,11.05
USW00093243,1009996,nan,13.4
USW00093243,1010150,nan,11.7
USW00093243,1010374,nan,10.6
USW00093243,1010612,nan,13.350000000000001
USW00093243,1010844,nan,15.45
USW00093243,1011070,nan,14.55
USW00093243,1011286,nan,16.35
USW00093243,1011508,nan,18.6
USW00093243,1011730,nan,16.35
USW00093243,1011949,nan,15.2
USW00093243,1012184,nan,15.55
USW00093243,1012411,nan,19.25
USW00093243,1012629,nan,16.05
USW00093243,1012829,nan,17.95
USW00093243,1013015,nan,12.649999999999999
USW00093243,1013236,nan,11.85
USW00093243,1013455,nan,13.85
USW00093243,1013686,nan,12.55
USW00093243,1013914,nan,14.8
USW00093243,1014124,nan,14.350000000000001
USW00093243,1014302,nan,11.8
USW00093243,1014498,nan,8.7
USW00093243,1014724,nan,6.199999999999999
USW00093243,1014949,nan,6.1
USW00093243,1015121,nan,15.100000000000001
USW00093243,1015172,nan,7.300000000000001
USW00093243,1015393,nan,9.25
USW00093243,1015626,nan,9.1
USW00093243,1015860,nan,13.6
USW00093243,1016086,nan,9.8
USW00093243,1016303,nan,8.2
USW00093243,1016535,nan,10.25
USW00093243,1016752,nan,9.8
USW00093243,1016978,nan,9.95
USW00093243,1017191,nan,10.0
USW00093243,1017422,nan,9.8
USW00093243,1017650,nan,8.45
USW00093243,1017877,nan,10.45
USW00093243,1018108,nan,13.2
USW00093243,1018340,nan,10.350000000000001
USW00093243,1018564,nan,10.85
USW00093243,1018755,nan,15.85
USW00093243,1018934,nan,16.05
USW00093243,1019091,nan,15.4
USW00093243,1019287,nan,9.600000000000001
USW00093243,1019484,nan,8.350000000000001
USW00093243,1019703,nan,6.05
USW00093243,1019920,nan,7.0
USW00093243,1020144,nan,7.6
USW00093243,1020362,nan,8.0
USW00093243,1020580,nan,9.35
USW00093243,1020797,nan,9.3
USW00093243,1021022,nan,4.3
USW00093243,1021233,nan,8.8
USW00093243,1021448,nan,7.8
USW00093243,1021528,nan,13.0
USW00093243,1021657,nan,9.85
USW00093243,1021873,nan,8.850000000000001
USW00093243,1022094,nan,8.75
USW00093243,1022321,nan,9.9
USW00093243,1022404,nan,12.55
USW00093243,1022545,nan,8.1
USW00093243,1022627,nan,12.75
USW00093243,1022762,nan,8.4
USW00093243,1022980,nan,6.05
USW00093243,1023197,nan,12.05
USW00093243,1023408,nan,5.85
USW00093243,1023636,nan,5.15
USW00093243,1023731,nan,9.600000000000001
USW00093243,1023855,nan,4.85
USW00093243,1024072,nan,8.15
USW00093243,1024259,nan,11.05
USW00093243,1024356,nan,11.8
USW00093243,1024523,nan,12.1
USW00093243,1024675,nan,4.949999999999999
USW00093243,1024767,nan,10.5
USW00093243,1024879,nan,5.65
USW00093243,1025066,nan,5.7
USW00093243,1025175,nan,8.25
USW00093243,1025271,nan,9.8
USW00093243,1025374,nan,10.3
USW00093243,1025524,nan,0.55
USW00093243,1025702,nan,6.65
USW00093243,1025796,nan,5.65
USW00093243,1025931,nan,1.9
USW00093243,1026100,nan,0.65
USW00093243,1026306,nan,-0.25
USW00093243,1026409,nan,8.2
USW00093243,1026518,nan,0.44999999999999996
USW00093243,1026700,nan,0.8999999999999999
USW00093243,1026791,nan,9.25
USW00093243,1026888,nan,6.0
USW00093243,1027101,nan,-1.4500000000000002
USW00093243,1027280,nan,5.6
USW00093243,1027447,nan,3.1
USW00093243,1027622,nan,4.1
USW00093243,1027806,nan,-2.95
USW00093243,1027991,nan,5.3
USW00093243,1028162,nan,0.6
USW00093243,1028259,nan,4.4
USW00093243,1028375,nan,0.7
USW00093243,1028521,nan,7.3
USW00093243,1028708,nan,6.75
USW00093243,1028894,nan,6.75
USW00093243,1028992,nan,9.149999999999999
USW00093243,1029187,nan,0.25
USW00093243,1029412,nan,2.75
USW00093243,1029630,nan,0.1
USW00093243,1029833,nan,1.1
USW00093243,1030046,nan,2.35
USW00093243,1030169,nan,6.6
USW00093245,1030305,nan,8.55
USW00093245,1030431,nan,8.8
USW00093245,1030571,nan,8.4
USW00093245,1030639,nan,11.2
USW00093245,1030725,nan,9.149999999999999
USW00093245,1030853,nan,9.149999999999999
USW00093245,1031027,nan,10.100000000000001
USW00093245,1031223,nan,11.55
USW00093245,1031410,nan,9.45
USW00093245,1031533,nan,9.25
USW00093245,1031665,nan,7.8
USW00093245,1031817,nan,9.6
USW00093245,1031911,nan,9.0
USW00093245,1032065,nan,10.1
USW00093245,1032198,nan,11.05
USW00093245,1032302,nan,11.45
USW00093245,1032417,nan,9.95
USW00093245,1032556,nan,12.2
USW00093245,1032678,nan,9.649999999999999
USW00093245,1032730,nan,11.4
USW00093245,1032817,nan,9.9
USW00093245,1032970,nan,11.6
USW00093245,1033101,nan,11.149999999999999
USW00093245,1033143,nan,11.95
USW00093245,1033247,nan,10.9
USW00093245,1033399,nan,10.7
USW00093245,1033573,nan,11.25
USW00093245,1033751,nan,13.75
USW00093245,1033925,nan,13.0
USW00093245,1034095,nan,12.75
USW00093245,1034225,nan,14.4
USW00093245,1034370,nan,13.149999999999999
USW00093245,1034502,nan,13.1
USW00093245,1034624,nan,14.2
USW00093245,1034752,nan,13.75
USW00093245,1034866,nan,11.75
USW00093245,1035003,nan,10.1
USW00093245,1035052,nan,12.0
USW00093245,1035155,nan,9.850000000000001
USW00093245,1035280,nan,10.3
USW00093245,1035382,nan,10.7
USW00093245,1035503,nan,9.7
USW00093245,1035632,nan,11.2
USW00093245,1035762,nan,10.1
USW00093245,1035922,nan,10.25
USW00093245,1036049,nan,10.55
USW00093245,1036187,nan,11.350000000000001
USW00093245,1036321,nan,10.850000000000001
USW00093245,1036455,nan,10.7
USW00093245,1036499,nan,11.75
USW00093245,1036589,nan,11.649999999999999
USW00093245,1036732,nan,11.2
USW00093245,1036887,nan,11.5
USW00093245,1037057,nan,11.55
USW00093245,1037191,nan,10.6
USW00093245,1037348,nan,9.95
USW00093245,1037478,nan,9.45
USW00093245,1037618,nan,10.8
USW00093245,1037755,nan,10.9
USW00093245,1037865,nan,11.75
USW00093245,1037993,nan,9.6
USW00093245,1038151,nan,10.6
USW00093245,1038325,nan,11.1
USW00093245,1038493,nan,11.5
USW00093245,1038622,nan,11.850000000000001
USW00093245,1038784,nan,11.3
USW00093245,1038911,nan,11.6
USW00093245,1039043,nan,12.0
USW00093245,1039158,nan,13.0
USW00093245,1039282,nan,13.350000000000001
USW00093245,1039405,nan,13.9
USW00093245,1039539,nan,14.350000000000001
USW00093245,1039677,nan,15.0
USW00093245,1039803,nan,12.6
USW00093245,1039971,nan,12.9
USW00093245,1040084,nan,13.05
USW00093245,1040220,nan,13.5
USW00093245,1040352,nan,12.1
USW00093245,1040524,nan,12.25
USW00093245,1040712,nan,13.45
USW00093245,1040906,nan,14.4
USW00093245,1041093,nan,12.55
USW00093245,1041146,nan,14.4
USW00093245,1041221,nan,12.0
USW00093245,1041350,nan,11.7
USW00093245,1041546,nan,11.05
USW00093245,1041743,nan,10.75
USW00093245,1041930,nan,11.149999999999999
USW00093245,1042109,nan,12.4
USW00093245,1042290,nan,13.3
USW00093245,1042464,nan,13.5
USW00093245,1042515,nan,13.3
USW00093245,1042581,nan,11.2
USW00093245,1042694,nan,13.1
USW00093245,1042794,nan,12.649999999999999
USW00093245,1042894,nan,12.1
USW00093245,1042994,nan,11.45
USW00093245,1043098,nan,11.45
USW00093245,1043217,nan,12.2
USW00093245,1043345,nan,12.149999999999999
USW00093245,1043454,nan,11.75
USW00093245,1043553,nan,12.3
USW00093245,1043672,nan,10.2
USW00093245,1043850,nan,10.65
USW00093245,1043975,nan,14.350000000000001
USW00093245,1044089,nan,13.7
USW00093245,1044212,nan,13.2
USW00093245,1044394,nan,11.5
USW00093245,1044572,nan,11.65
USW00093245,1044643,nan,13.25
USW00093245,1044742,nan,10.6
USW00093245,1044922,nan,10.45
USW00093245,1045010,nan,15.55
USW00093245,1045091,nan,11.1
USW00093245,1045152,nan,12.1
USW00093245,1045242,nan,12.05
USW00093245,1045357,nan,12.850000000000001
USW00093245,1045500,nan,13.1
USW00093245,1045683,nan,11.850000000000001
USW00093245,1045864,nan,14.5
USW00093245,1045972,nan,13.5
USW00093245,1046067,nan,15.0
USW00093245,1046173,nan,13.75
USW00093245,1046330,nan,14.0
USW00093245,1046452,nan,12.6
USW00093245,1046606,nan,13.6
USW00093245,1046736,nan,12.05
USW00093245,1046859,nan,10.9
USW00093245,1046988,nan,9.6
USW00093245,1047152,nan,13.9
USW00093245,1047357,nan,8.8
USW00093245,1047566,nan,8.95
USW00093245,1047770,nan,9.0
USW00093245,1047945,nan,9.899999999999999
USW00093245,1048134,nan,10.8
USW00093245,1048333,nan,10.4
USW00093245,1048422,nan,12.75
USW00093245,1048485,nan,9.6
USW00093245,1048584,nan,10.6
USW00093245,1048723,nan,11.7
USW00093245,1048891,nan,10.55
USW00093245,1049105,nan,15.5
USW00093245,1049321,nan,9.05
USW00093245,1049505,nan,9.149999999999999
USW00093245,1049716,nan,10.95
USW00093245,1049836,nan,10.350000000000001
USW00093245,1049949,nan,10.05
USW00093245,1050084,nan,9.2
USW00093245,1050217,nan,8.05
USW00093245,1050379,nan,14.149999999999999
USW00093245,1050515,nan,14.45
USW00093245,1050615,nan,13.2
USW00093245,1050729,nan,12.1
USW00093245,1050814,nan,11.25
USW00093245,1050944,nan,8.4
USW00093245,1051106,nan,12.5
USW00093245,1051235,nan,11.0
USW00093245,1051371,nan,10.75
USW00093245,1051499,nan,11.6
USW00093245,1051597,nan,11.149999999999999
USW00093245,1051722,nan,11.45
USW00093245,1051849,nan,11.850000000000001
USW00093245,1051950,nan,12.8
USW00093245,1052082,nan,12.3
USW00093245,1052293,nan,15.5
USW00093245,1052514,nan,14.25
USW00093245,1052722,nan,16.4
USW00093245,1052890,nan,10.55
USW00093245,1053008,nan,10.1
USW00093245,1053098,nan,10.25
USW00093245,1053216,nan,11.0
USW00093245,1053381,nan,8.8
USW00093245,1053555,nan,8.3
USW00093245,1053739,nan,10.1
USW00093245,1053908,nan,12.3
USW00093245,1054095,nan,11.4
USW00093245,1054230,nan,10.65
USW00093245,1054350,nan,8.75
USW00093245,1054521,nan,8.1
USW00093245,1054687,nan,9.850000000000001
USW00093245,1054876,nan,10.95
USW00093245,1055009,nan,11.05
USW00093245,1055148,nan,8.25
USW00093245,1055308,nan,7.95
USW00093245,1055444,nan,7.3
USW00093245,1055622,nan,11.25
USW00093245,1055824,nan,6.65
USW00093245,1055980,nan,6.300000000000001
USW00093245,1056162,nan,6.95
USW00093245,1056378,nan,7.9
USW00093245,1056544,nan,6.699999999999999
USW00093245,1056745,nan,6.5
USW00093245,1056894,nan,9.45
USW00093245,1057023,nan,6.4
USW00093245,1057181,nan,5.85
USW00093245,1057379,nan,3.55
USW00093245,1057561,nan,2.45
USW00093245,1057729,nan,7.25
USW00093245,1057862,nan,10.95
USW00093245,1058018,nan,4.1
USW00093245,1058188,nan,6.3
USW00093245,1058311,nan,9.0
USW00093245,1058478,nan,6.65
USW00093245,1058636,nan,6.55
USW00093245,1058709,nan,8.5
USW00093245,1058855,nan,6.9
USW00093245,1058979,nan,6.2
USW00093245,1059097,nan,8.3
USW00093245,1059214,nan,8.2
USW00093245,1059366,nan,6.05
USW00093245,1059511,nan,6.35
USW00094299,1060468,nan,-5.15
USW00094299,1064793,nan,15.35
USW00094299,1073261,nan,11.7
