Station_ID,Index,Original_Temperature,Filled_Temperature
USW00023224,305,nan,32.0
USW00023224,363,nan,24.0
USW00023224,1156,nan,38.0
USW00023224,10084,nan,24.5
USW00023230,25695,nan,12.2
USW00023232,36166,nan,12.5
USW00023232,42959,nan,17.799999999999997
USW00023233,48727,nan,13.05
USW00023233,48848,nan,12.8
USW00023237,84951,nan,10.0
USW00023237,85802,nan,11.5
USW00023237,85856,nan,10.5
USW00023237,85858,nan,11.5
USW00023237,85860,nan,12.0
USW00023237,85862,nan,12.5
USW00023237,85867,nan,14.95
USW00023237,85912,nan,7.5
USW00023237,86148,nan,6.5
USW00023237,86163,nan,22.7
USW00023237,86199,nan,8.0
USW00023237,86294,nan,7.0
USW00023237,86535,nan,10.0
USW00023237,86538,nan,10.5
USW00023237,86540,nan,9.5
USW00023237,86543,nan,10.0
USW00023237,86644,nan,8.0
USW00023237,86646,nan,8.5
USW00023237,86684,nan,9.5
USW00023237,86686,nan,9.5
USW00023237,86688,nan,10.0
USW00023237,86690,nan,10.0
USW00023237,86692,nan,10.0
USW00023237,86694,nan,10.0
USW00023237,86697,nan,9.0
USW00023237,86699,nan,9.5
USW00023237,86701,nan,10.0
USW00023237,86705,nan,12.05
USW00023237,87497,nan,6.5
USW00023237,87499,nan,6.5
USW00023237,87503,nan,8.0
USW00023237,87505,nan,8.5
USW00023237,87507,nan,9.5
USW00023237,87559,nan,10.0
USW00023237,87572,nan,12.0
USW00023237,87574,nan,11.85
USW00023237,87577,nan,11.5
USW00023237,88029,nan,1.0
USW00023237,88041,nan,1.5
USW00023237,88044,nan,1.05
USW00023237,88174,nan,3.5
USW00023237,88715,nan,7.5
USW00023243,90649,nan,16.0
USW00023243,92126,nan,19.5
USW00023243,92164,nan,18.5
USW00023243,92166,nan,17.5
USW00023243,92170,nan,16.0
USW00023243,92172,nan,15.5
USW00023243,92205,nan,16.5
USW00023243,92208,nan,16.0
USW00023243,92210,nan,16.0
USW00023243,92213,nan,16.5
USW00023243,92225,nan,13.0
USW00023243,92240,nan,15.0
USW00023243,92251,nan,14.5
USW00023243,92278,nan,14.0
USW00023243,92291,nan,11.5
USW00023243,92955,nan,14.0
USW00023243,92957,nan,13.5
USW00023243,92959,nan,12.5
USW00023243,93674,nan,15.5
USW00023243,93677,nan,14.5
USW00023243,93719,nan,16.5
USW00023243,93722,nan,15.0
USW00023243,93764,nan,18.0
USW00023243,94451,nan,18.0
USW00023243,94459,nan,15.0
USW00023244,112803,nan,19.5
USW00023244,113096,nan,22.4
USW00023244,118254,nan,19.4
USW00023254,121071,nan,10.85
USW00023254,123796,nan,19.75
USW00023254,128381,nan,23.65
USW00023258,144677,nan,22.5
USW00023259,154638,nan,12.0
USW00023273,163487,nan,24.0
USW00023273,165808,nan,17.15
USW00023277,194312,nan,12.65
USW00023277,194358,nan,12.75
USW00023277,197553,nan,12.45
USW00023277,197665,nan,12.5
USW00023277,197679,nan,13.05
USW00023277,197753,nan,10.85
USW00023277,197763,nan,10.0
USW00023285,202718,nan,20.85
USW00023285,204715,nan,22.8
USW00023285,207862,nan,16.65
USW00023285,208126,nan,20.85
USW00023285,208660,nan,8.0
USW00023285,209025,nan,10.5
USW00023289,210117,nan,9.5
USW00023289,211212,nan,20.0
USW00023289,211247,nan,12.5
USW00023289,211294,nan,30.5
USW00023289,211544,nan,17.5
USW00023289,211579,nan,17.0
USW00024213,224187,nan,4.15
USW00024213,224192,nan,7.25
USW00024213,224243,nan,10.0
USW00024213,224282,nan,10.0
USW00024213,224433,nan,8.05
USW00024213,224862,nan,11.350000000000001
USW00024213,225056,nan,9.15
USW00024215,235949,nan,14.65
USW00024215,236287,nan,25.65
USW00024215,236863,nan,28.9
USW00024216,244080,nan,15.0
USW00024216,251780,nan,26.700000000000003
USW00024257,259815,nan,32.45
USW00024257,259817,nan,28.55
USW00024257,261956,nan,24.450000000000003
USW00024259,265463,nan,1.0
USW00024259,269238,nan,20.25
USW00024259,270601,nan,25.55
USW00024283,277075,nan,10.2
USW00024283,277538,nan,5.85
USW00024283,278763,nan,11.95
USW00024283,278766,nan,13.600000000000001
USW00024283,279391,nan,13.15
USW00024283,279407,nan,15.3
USW00024283,280958,nan,12.9
USW00024283,280960,nan,13.0
USW00024286,289770,nan,10.8
USW00024286,291494,nan,12.1
USW00024286,291533,nan,11.399999999999999
USW00024286,291595,nan,9.15
USW00053120,314944,nan,8.3
USW00053121,326731,nan,10.55
USW00053121,328309,nan,17.0
USW00053130,334259,nan,9.0
USW00053130,334302,nan,10.0
USW00053130,334304,nan,11.5
USW00053130,334630,nan,20.5
USW00053130,334884,nan,23.0
USW00053130,335497,nan,17.0
USW00053130,335856,nan,27.5
USW00053130,336106,nan,26.5
USW00053130,336252,nan,23.5
USW00053130,336260,nan,25.0
USW00053130,336265,nan,27.0
USW00053130,336271,nan,32.0
USW00053130,336278,nan,32.0
USW00053130,336287,nan,31.0
USW00053130,336315,nan,26.5
USW00053130,336317,nan,32.5
USW00053130,336330,nan,32.5
USW00053130,336332,nan,30.5
USW00053130,336386,nan,36.5
USW00053130,336401,nan,28.0
USW00053130,336405,nan,30.0
USW00053130,336429,nan,32.0
USW00053130,336440,nan,32.0
USW00053130,336444,nan,28.5
USW00053130,336473,nan,27.5
USW00053130,336483,nan,26.5
USW00053130,336512,nan,30.5
USW00053130,336522,nan,24.0
USW00053130,336530,nan,31.0
USW00053130,336576,nan,37.0
USW00053130,336589,nan,33.0
USW00053130,336594,nan,36.0
USW00053130,336599,nan,30.5
USW00053130,336639,nan,28.5
USW00053130,336641,nan,23.5
USW00053130,336658,nan,25.0
USW00053130,336700,nan,40.5
USW00053130,336723,nan,41.5
USW00053130,336741,nan,43.0
USW00053130,336817,nan,26.5
USW00053130,336832,nan,35.5
USW00053130,336835,nan,32.5
USW00053130,336846,nan,28.0
USW00053130,336855,nan,30.5
USW00053130,336871,nan,28.0
USW00053130,336916,nan,18.5
USW00053130,336971,nan,27.0
USW00053130,336990,nan,33.5
USW00053130,336998,nan,27.0
USW00053130,337006,nan,17.5
USW00053130,337084,nan,20.5
USW00053130,337087,nan,16.0
USW00053130,337109,nan,30.0
USW00053130,337120,nan,27.0
USW00053130,337131,nan,23.5
USW00053130,337177,nan,17.0
USW00053130,337201,nan,20.5
USW00053130,337238,nan,24.5
USW00053130,337253,nan,25.0
USW00053130,337272,nan,29.0
USW00053130,337293,nan,27.0
USW00053130,337295,nan,27.5
USW00053130,337307,nan,26.0
USW00053130,337310,nan,19.0
USW00053130,337320,nan,26.0
USW00053130,337322,nan,24.5
USW00053130,337339,nan,26.5
USW00053130,337350,nan,19.0
USW00053130,337367,nan,25.0
USW00053130,337370,nan,16.0
USW00053130,337391,nan,25.0
USW00053130,337405,nan,26.5
USW00053130,337423,nan,16.5
USW00053130,337439,nan,13.5
USW00053130,337446,nan,20.5
USW00053130,337463,nan,15.0
USW00053130,337517,nan,27.5
USW00053130,337555,nan,18.5
USW00053130,337594,nan,23.5
USW00053130,337600,nan,12.5
USW00053130,337664,nan,17.5
USW00053130,337668,nan,23.0
USW00053130,337694,nan,11.5
USW00053130,337742,nan,23.5
USW00053130,337776,nan,11.0
USW00053130,337785,nan,14.0
USW00053130,337795,nan,13.0
USW00053130,337798,nan,13.0
USW00053130,337881,nan,14.0
USW00053130,337922,nan,16.5
USW00053130,337924,nan,22.5
USW00053130,337931,nan,16.0
USW00053130,337970,nan,10.0
USW00053130,338010,nan,14.5
USW00053139,338082,nan,8.3
USW00053139,338297,nan,17.5
USW00053139,338509,nan,11.15
USW00053139,338705,nan,9.5
USW00053139,338914,nan,14.25
USW00053139,339060,nan,8.149999999999999
USW00053139,339267,nan,4.65
USW00053139,339497,nan,12.0
USW00053139,339727,nan,9.65
USW00053139,339949,nan,12.100000000000001
USW00053139,340163,nan,8.9
USW00053139,340381,nan,9.1
USW00053139,340532,nan,3.5
USW00053139,340737,nan,3.2
USW00053139,340942,nan,4.6
USW00053139,341173,nan,8.45
USW00053139,341394,nan,3.45
USW00053139,341618,nan,10.65
USW00053139,341849,nan,16.049999999999997
USW00053139,342069,nan,15.100000000000001
USW00053139,342292,nan,7.05
USW00053139,342480,nan,12.5
USW00053139,342683,nan,10.5
USW00053139,342911,nan,10.7
USW00053139,343141,nan,10.1
USW00053139,343150,nan,10.0
USW00053139,343359,nan,10.05
USW00053139,343574,nan,10.850000000000001
USW00053139,343779,nan,14.4
USW00053139,343973,nan,13.2
USW00053139,344184,nan,14.25
USW00053139,344382,nan,15.4
USW00053139,344602,nan,10.649999999999999
USW00053139,344809,nan,10.25
USW00053139,345031,nan,9.7
USW00053139,345245,nan,10.25
USW00053139,345463,nan,13.8
USW00053139,345686,nan,14.3
USW00053139,345910,nan,15.450000000000001
USW00053139,346114,nan,16.8
USW00053139,346312,nan,13.850000000000001
USW00053139,346521,nan,14.25
USW00053139,346734,nan,17.0
USW00053139,346934,nan,15.3
USW00053139,347129,nan,13.9
USW00053139,347302,nan,16.2
USW00053139,347493,nan,13.95
USW00053139,347720,nan,17.45
USW00053139,347931,nan,23.35
USW00053139,348097,nan,19.45
USW00053139,348287,nan,22.15
USW00053139,348481,nan,13.35
USW00053139,348678,nan,12.649999999999999
USW00053139,348877,nan,14.45
USW00053139,349081,nan,13.8
USW00053139,349277,nan,12.95
USW00053139,349464,nan,10.45
USW00053139,349673,nan,13.399999999999999
USW00053139,349893,nan,16.35
USW00053139,350084,nan,11.95
USW00053139,350280,nan,12.9
USW00053139,350474,nan,11.65
USW00053139,350667,nan,17.85
USW00053139,350879,nan,15.5
USW00053139,351082,nan,17.65
USW00053139,351295,nan,18.65
USW00053139,351509,nan,19.15
USW00053139,351714,nan,19.15
USW00053139,351916,nan,20.950000000000003
USW00053139,352120,nan,21.700000000000003
USW00053139,352343,nan,19.8
USW00053139,352560,nan,22.950000000000003
USW00053139,352785,nan,22.5
USW00053139,353007,nan,23.6
USW00053139,353236,nan,26.4
USW00053139,353450,nan,26.799999999999997
USW00053139,353678,nan,26.0
USW00053139,353911,nan,25.65
USW00053139,354126,nan,25.55
USW00053139,354339,nan,24.299999999999997
USW00053139,354541,nan,19.55
USW00053139,354712,nan,20.4
USW00053139,354898,nan,23.35
USW00053139,355103,nan,26.35
USW00053139,355318,nan,21.95
USW00053139,355514,nan,25.45
USW00053139,355702,nan,24.7
USW00053139,355901,nan,14.75
USW00053139,356084,nan,18.75
USW00053139,356275,nan,21.85
USW00053139,356495,nan,20.35
USW00053139,356711,nan,22.75
USW00053139,356911,nan,27.95
USW00053139,357127,nan,26.299999999999997
USW00053139,357351,nan,23.35
USW00053139,357568,nan,29.7
USW00053139,357772,nan,28.6
USW00053139,357981,nan,29.75
USW00053139,358191,nan,27.15
USW00053139,358390,nan,25.0
USW00053139,358589,nan,27.65
USW00053139,358765,nan,23.8
USW00053139,358959,nan,21.4
USW00053139,359143,nan,18.8
USW00053139,359322,nan,22.049999999999997
USW00053139,359523,nan,21.1
USW00053139,359709,nan,16.85
USW00053139,359908,nan,20.9
USW00053139,360118,nan,23.85
USW00053139,360312,nan,16.4
USW00053139,360483,nan,22.25
USW00053139,360665,nan,16.4
USW00053139,360849,nan,23.450000000000003
USW00053139,361062,nan,18.700000000000003
USW00053139,361256,nan,23.3
USW00053139,361470,nan,23.3
USW00053139,361672,nan,28.7
USW00053139,361887,nan,30.0
USW00053139,362087,nan,28.65
USW00053139,362296,nan,31.95
USW00053139,362520,nan,30.75
USW00053139,362747,nan,29.0
USW00053139,362969,nan,27.6
USW00053139,363175,nan,26.2
USW00053139,363361,nan,22.3
USW00053139,363563,nan,20.35
USW00053139,363739,nan,20.9
USW00053139,363929,nan,27.15
USW00053139,364132,nan,27.950000000000003
USW00053139,364350,nan,29.85
USW00053139,364556,nan,31.200000000000003
USW00053139,364768,nan,31.75
USW00053139,364992,nan,31.55
USW00053139,365211,nan,29.9
USW00053139,365418,nan,30.35
USW00053139,365635,nan,31.5
USW00053139,365862,nan,31.25
USW00053139,366076,nan,31.45
USW00053139,366292,nan,29.95
USW00053139,366503,nan,31.45
USW00053139,366715,nan,32.45
USW00053139,366943,nan,30.950000000000003
USW00053139,367139,nan,29.45
USW00053139,367322,nan,26.7
USW00053139,367507,nan,25.0
USW00053139,367726,nan,28.4
USW00053139,367948,nan,32.1
USW00053139,368153,nan,32.150000000000006
USW00053139,368368,nan,31.1
USW00053139,368569,nan,31.25
USW00053139,368781,nan,32.4
USW00053139,368995,nan,33.650000000000006
USW00053139,369205,nan,34.8
USW00053139,369410,nan,37.45
USW00053139,369602,nan,34.3
USW00053139,369824,nan,33.6
USW00053139,370038,nan,33.75
USW00053139,370253,nan,27.55
USW00053139,370443,nan,23.65
USW00053139,370630,nan,26.9
USW00053139,370798,nan,26.55
USW00053139,371020,nan,28.4
USW00053139,371238,nan,35.0
USW00053139,371440,nan,32.650000000000006
USW00053139,371638,nan,33.6
USW00053139,371852,nan,36.05
USW00053139,372068,nan,36.55
USW00053139,372289,nan,38.650000000000006
USW00053139,372487,nan,35.45
USW00053139,372700,nan,36.3
USW00053139,372912,nan,36.099999999999994
USW00053139,373132,nan,35.05
USW00053139,373351,nan,33.400000000000006
USW00053139,373564,nan,32.8
USW00053139,373784,nan,38.650000000000006
USW00053139,373999,nan,35.85
USW00053139,374208,nan,34.400000000000006
USW00053139,374427,nan,33.95
USW00053139,374634,nan,35.55
USW00053139,374855,nan,34.0
USW00053139,375064,nan,36.05
USW00053139,375282,nan,34.85
USW00053139,375499,nan,35.75
USW00053139,375707,nan,37.05
USW00053139,375933,nan,36.5
USW00053139,376151,nan,36.349999999999994
USW00053139,376385,nan,38.65
USW00053139,376587,nan,44.7
USW00053139,376798,nan,40.6
USW00053139,377020,nan,39.099999999999994
USW00053139,377240,nan,39.2
USW00053139,377456,nan,37.349999999999994
USW00053139,377652,nan,39.8
USW00053139,377861,nan,37.3
USW00053139,378075,nan,36.45
USW00053139,378278,nan,36.9
USW00053139,378499,nan,38.9
USW00053139,378683,nan,33.3
USW00053139,378903,nan,39.3
USW00053139,379107,nan,36.75
USW00053139,379325,nan,35.5
USW00053139,379535,nan,37.65
USW00053139,379754,nan,37.5
USW00053139,379983,nan,37.25
USW00053139,380188,nan,40.9
USW00053139,380363,nan,37.05
USW00053139,380550,nan,37.9
USW00053139,380755,nan,37.65
USW00053139,380949,nan,39.35
USW00053139,381143,nan,41.0
USW00053139,381334,nan,39.0
USW00053139,381534,nan,39.3
USW00053139,381727,nan,41.05
USW00053139,381905,nan,40.45
USW00053139,382050,nan,36.0
USW00053139,382233,nan,35.25
USW00053139,382439,nan,39.75
USW00053139,382655,nan,38.2
USW00053139,382865,nan,35.4
USW00053139,383080,nan,33.1
USW00053139,383287,nan,33.1
USW00053139,383489,nan,35.25
USW00053139,383702,nan,35.35
USW00053139,383910,nan,36.6
USW00053139,384117,nan,37.9
USW00053139,384321,nan,38.55
USW00053139,384527,nan,39.0
USW00053139,384735,nan,39.5
USW00053139,384936,nan,39.05
USW00053139,385145,nan,38.95
USW00053139,385340,nan,41.3
USW00053139,385529,nan,39.7
USW00053139,385760,nan,34.75
USW00053139,385982,nan,35.05
USW00053139,386203,nan,35.900000000000006
USW00053139,386414,nan,37.25
USW00053139,386627,nan,36.4
USW00053139,386834,nan,37.05
USW00053139,387037,nan,39.4
USW00053139,387220,nan,38.349999999999994
USW00053139,387395,nan,37.650000000000006
USW00053139,387588,nan,35.1
USW00053139,387788,nan,36.8
USW00053139,387985,nan,34.5
USW00053139,388187,nan,37.150000000000006
USW00053139,388382,nan,39.0
USW00053139,388579,nan,39.25
USW00053139,388787,nan,38.85
USW00053139,388997,nan,34.3
USW00053139,389202,nan,35.5
USW00053139,389406,nan,34.2
USW00053139,389609,nan,34.0
USW00053139,389822,nan,34.3
USW00053139,390030,nan,35.55
USW00053139,390233,nan,35.55
USW00053139,390441,nan,36.45
USW00053139,390645,nan,35.849999999999994
USW00053139,390849,nan,31.65
USW00053139,391054,nan,30.65
USW00053139,391248,nan,28.95
USW00053139,391466,nan,27.2
USW00053139,391676,nan,28.55
USW00053139,391892,nan,30.65
USW00053139,392109,nan,25.3
USW00053139,392268,nan,23.700000000000003
USW00053139,392458,nan,19.950000000000003
USW00053139,392629,nan,21.35
USW00053139,392822,nan,22.45
USW00053139,393012,nan,23.65
USW00053139,393205,nan,23.950000000000003
USW00053139,393430,nan,26.95
USW00053139,393641,nan,28.55
USW00053139,393844,nan,24.049999999999997
USW00053139,394034,nan,23.9
USW00053139,394240,nan,22.0
USW00053139,394469,nan,28.0
USW00053139,394660,nan,26.0
USW00053139,394866,nan,24.75
USW00053139,395093,nan,25.0
USW00053139,395274,nan,18.35
USW00053139,395449,nan,20.65
USW00053139,395668,nan,18.6
USW00053139,395886,nan,22.95
USW00053139,396111,nan,22.450000000000003
USW00053139,396329,nan,22.75
USW00053139,396541,nan,21.5
USW00053139,396743,nan,22.799999999999997
USW00053139,396943,nan,26.9
USW00053139,397144,nan,22.8
USW00053139,397347,nan,23.6
USW00053139,397552,nan,20.55
USW00053139,397762,nan,22.700000000000003
USW00053139,397944,nan,21.6
USW00053139,398149,nan,21.45
USW00053139,398371,nan,19.5
USW00053139,398553,nan,20.5
USW00053139,398753,nan,20.45
USW00053139,398975,nan,22.85
USW00053139,399204,nan,24.15
USW00053139,399411,nan,22.25
USW00053139,399621,nan,22.8
USW00053139,399815,nan,21.9
USW00053139,400040,nan,23.5
USW00053139,400262,nan,19.65
USW00053139,400473,nan,23.799999999999997
USW00053139,400674,nan,21.4
USW00053139,400893,nan,22.6
USW00053139,401094,nan,23.6
USW00053139,401310,nan,19.75
USW00053139,401528,nan,20.700000000000003
USW00053139,401764,nan,20.45
USW00053139,401990,nan,22.6
USW00053139,402220,nan,22.85
USW00053139,402436,nan,21.6
USW00053139,402650,nan,18.4
USW00053139,402861,nan,18.0
USW00053139,403049,nan,20.85
USW00053139,403236,nan,18.95
USW00053139,403447,nan,18.35
USW00053139,403683,nan,22.55
USW00053139,403889,nan,19.0
USW00053139,404108,nan,19.1
USW00053139,404316,nan,17.05
USW00053139,404524,nan,17.450000000000003
USW00053139,404736,nan,17.299999999999997
USW00053139,404948,nan,18.450000000000003
USW00053139,405141,nan,14.7
USW00053139,405357,nan,15.65
USW00053139,405565,nan,16.55
USW00053139,405766,nan,12.55
USW00053139,405966,nan,12.45
USW00053139,406184,nan,8.95
USW00053139,406399,nan,15.350000000000001
USW00053139,406611,nan,10.100000000000001
USW00053139,406807,nan,11.3
USW00053139,407004,nan,13.9
USW00053139,407186,nan,9.3
USW00053139,407398,nan,8.45
USW00053139,407602,nan,9.05
USW00053139,407808,nan,12.55
USW00053139,408010,nan,11.85
USW00053139,408209,nan,14.6
USW00053139,408390,nan,11.3
USW00053139,408565,nan,10.0
USW00053139,408757,nan,11.05
USW00053139,408938,nan,12.45
USW00053139,409086,nan,10.0
USW00053139,409276,nan,7.949999999999999
USW00053139,409493,nan,7.449999999999999
USW00053139,409708,nan,8.6
USW00053139,409931,nan,6.550000000000001
USW00053139,410145,nan,5.65
USW00053139,410344,nan,6.25
USW00053139,410542,nan,8.95
USW00053139,410731,nan,10.3
USW00053139,410928,nan,12.45
USW00053139,411108,nan,9.8
USW00053139,411309,nan,7.4
USW00053139,411491,nan,7.6
USW00053139,411688,nan,13.55
USW00053139,411857,nan,5.8
USW00053139,412058,nan,8.65
USW00053139,412234,nan,5.65
USW00053139,412434,nan,4.35
USW00053139,412639,nan,4.65
USW00053139,412852,nan,6.35
USW00053143,418655,nan,17.0
USW00053143,418689,nan,17.5
USW00053143,418694,nan,15.0
USW00053143,418974,nan,14.5
USW00053143,419452,nan,15.0
USW00053143,419551,nan,19.5
USW00053143,419579,nan,21.5
USW00053143,419606,nan,17.5
USW00053143,419645,nan,15.5
USW00053143,419680,nan,16.5
USW00053143,419794,nan,19.0
USW00053143,419942,nan,21.0
USW00053143,419977,nan,15.5
USW00053143,419981,nan,17.0
USW00053143,419987,nan,19.0
USW00053143,419990,nan,22.5
USW00053143,420023,nan,20.0
USW00053143,420072,nan,14.5
USW00053143,420075,nan,18.0
USW00053143,420510,nan,21.0
USW00053143,420745,nan,21.5
USW00053143,420861,nan,22.0
USW00053143,420892,nan,17.5
USW00053143,420940,nan,18.0
USW00053143,420987,nan,22.0
USW00053143,420995,nan,17.5
USW00053143,420999,nan,14.0
USW00053143,421068,nan,15.0
USW00053143,421165,nan,12.5
USW00053143,421185,nan,10.0
USW00053143,421249,nan,13.5
USW00053143,421251,nan,16.0
USW00053143,421286,nan,15.5
USW00053143,421298,nan,21.5
USW00053143,421371,nan,7.0
USW00053144,425156,nan,20.25
USW00053144,430692,nan,35.55
USW00053144,430762,nan,28.35
USW00053144,431207,nan,23.9
USW00053144,436548,nan,7.4
USW00053150,436849,nan,2.9
USW00053150,437037,nan,8.55
USW00053150,437216,nan,9.2
USW00053150,437393,nan,9.75
USW00053150,437577,nan,11.5
USW00053150,437748,nan,9.75
USW00053150,437923,nan,-0.8500000000000001
USW00053150,438049,nan,-1.15
USW00053150,438238,nan,7.6
USW00053150,438429,nan,10.65
USW00053150,438614,nan,10.85
USW00053150,438789,nan,7.199999999999999
USW00053150,438975,nan,4.55
USW00053150,439172,nan,5.25
USW00053150,439329,nan,3.2
USW00053150,439341,nan,3.1500000000000004
USW00053150,439359,nan,3.4000000000000004
USW00053150,439515,nan,9.3
USW00053150,439680,nan,8.45
USW00053150,439833,nan,4.1
USW00053150,439987,nan,1.65
USW00053150,440150,nan,3.9000000000000004
USW00053150,440358,nan,9.850000000000001
USW00053150,440529,nan,6.5
USW00053150,440574,nan,2.0999999999999996
USW00053150,440722,nan,5.6
USW00053150,440926,nan,15.0
USW00053150,441123,nan,17.450000000000003
USW00053150,441309,nan,17.65
USW00053150,441488,nan,14.95
USW00053150,441639,nan,11.55
USW00053150,441800,nan,12.25
USW00053150,441974,nan,9.9
USW00053150,442135,nan,12.649999999999999
USW00053150,442313,nan,7.25
USW00053150,442472,nan,5.7
USW00053150,442643,nan,8.3
USW00053150,442807,nan,10.6
USW00053150,442985,nan,12.4
USW00053150,443148,nan,13.1
USW00053150,443329,nan,13.5
USW00053150,443483,nan,13.350000000000001
USW00053150,443650,nan,12.9
USW00053150,443792,nan,12.5
USW00053150,443945,nan,11.2
USW00053150,444103,nan,2.4
USW00053150,444285,nan,3.2
USW00053150,444391,nan,3.0
USW00053150,444436,nan,6.0
USW00053150,444613,nan,8.649999999999999
USW00053150,444778,nan,11.25
USW00053150,444946,nan,11.55
USW00053150,445120,nan,10.55
USW00053150,445284,nan,11.149999999999999
USW00053150,445444,nan,12.149999999999999
USW00053150,445602,nan,9.55
USW00053150,445775,nan,6.05
USW00053150,445956,nan,8.5
USW00053150,446147,nan,4.55
USW00053150,446342,nan,4.4
USW00053150,446548,nan,5.800000000000001
USW00053150,446734,nan,6.449999999999999
USW00053150,446893,nan,4.550000000000001
USW00053150,447067,nan,6.6
USW00053150,447230,nan,4.15
USW00053150,447433,nan,7.5
USW00053150,447628,nan,3.2
USW00053150,447791,nan,-4.15
USW00053150,447935,nan,-6.45
USW00053150,448120,nan,6.35
USW00053150,448294,nan,9.35
USW00053150,448486,nan,10.649999999999999
USW00053150,448690,nan,5.45
USW00053150,448846,nan,1.3
USW00053150,448937,nan,-3.1500000000000004
USW00053150,449070,nan,-4.4
USW00053150,449247,nan,-2.45
USW00053150,449417,nan,-4.1
USW00053150,449603,nan,-2.6500000000000004
USW00053150,449763,nan,-1.45
USW00053150,449953,nan,2.55
USW00053150,450115,nan,1.8
USW00053150,450273,nan,1.2999999999999998
USW00053150,450415,nan,-1.1
USW00053150,450531,nan,-1.1
USW00053150,450619,nan,-1.9
USW00053150,450740,nan,-1.25
USW00053150,450859,nan,-6.95
USW00053150,451051,nan,2.25
USW00053150,451223,nan,4.25
USW00053150,451384,nan,7.05
USW00053150,451561,nan,0.05
USW00053150,451739,nan,-0.2
USW00053150,451904,nan,-8.850000000000001
USW00053150,452057,nan,-5.4
USW00053150,452162,nan,-2.8
USW00053150,452290,nan,0.45
USW00053150,452458,nan,2.75
USW00053175,453465,nan,15.0
USW00053175,453982,nan,15.5
USW00053175,455560,nan,18.0
USW00093104,469386,nan,21.0
USW00093104,469392,nan,31.0
USW00093104,469394,nan,33.5
USW00093104,469396,nan,34.5
USW00093104,469398,nan,36.0
USW00093104,469400,nan,37.0
USW00093104,469402,nan,37.5
USW00093104,469404,nan,38.0
USW00093104,469409,nan,35.0
USW00093104,469411,nan,32.5
USW00093104,469413,nan,30.0
USW00093104,469425,nan,19.5
USW00093104,469427,nan,24.5
USW00093104,469429,nan,28.0
USW00093104,469431,nan,30.5
USW00093104,469433,nan,32.5
USW00093104,469435,nan,34.0
USW00093104,469437,nan,35.5
USW00093104,469439,nan,36.5
USW00093104,469441,nan,37.0
USW00093104,469443,nan,37.5
USW00093104,469445,nan,38.5
USW00093104,469447,nan,38.0
USW00093104,469449,nan,36.0
USW00093104,469451,nan,33.5
USW00093104,469453,nan,31.5
USW00093104,469455,nan,30.0
USW00093104,469467,nan,19.5
USW00093104,469469,nan,24.0
USW00093104,469474,nan,32.0
USW00093104,469476,nan,33.5
USW00093104,469478,nan,35.0
USW00093107,479800,nan,14.45
USW00093107,479804,nan,13.350000000000001
USW00093107,479806,nan,12.5
USW00093107,480397,nan,13.4
USW00093107,480399,nan,12.9
USW00093107,480774,nan,14.0
USW00093107,482771,nan,21.1
USW00093107,484010,nan,17.0
USW00093107,484998,nan,16.6
USW00093107,488737,nan,22.799999999999997
USW00093107,488928,nan,20.5
USW00093107,488934,nan,21.5
USW00093107,488938,nan,22.65
USW00093107,489652,nan,18.95
USW00093107,489656,nan,20.0
USW00093107,489658,nan,21.5
USW00093107,489660,nan,23.0
USW00093107,493093,nan,16.5
USW00093107,494483,nan,17.0
USW00093111,507853,nan,15.3
USW00093111,508073,nan,18.0
USW00093112,527231,nan,14.2
USW00093112,527241,nan,15.0
USW00093112,532601,nan,22.75
USW00093112,533258,nan,24.7
USW00093112,535662,nan,18.5
USW00093112,536236,nan,21.1
USW00093112,539291,nan,15.0
USW00093112,540154,nan,15.0
USW00093115,541794,nan,21.15
USW00093115,541966,nan,14.4
USW00093115,545090,nan,22.8
USW00093115,546001,nan,16.95
USW00093115,546319,nan,24.7
USW00093115,546356,nan,24.7
USW00093115,546451,nan,22.0
USW00093115,546458,nan,22.9
USW00093115,547493,nan,16.4
USW00093115,547533,nan,16.4
USW00093115,548305,nan,16.5
USW00093115,548307,nan,19.5
USW00093115,548339,nan,16.95
USW00093115,549906,nan,18.15
USW00093115,550220,nan,0.5
USW00093115,550956,nan,14.15
USW00093117,562737,nan,13.15
USW00093117,563883,nan,17.1
USW00093117,563885,nan,17.2
USW00093117,563887,nan,16.95
USW00093121,568631,nan,5.25
USW00093121,568649,nan,2.85
USW00093121,568765,nan,-2.9
USW00093121,568972,nan,14.149999999999999
USW00093121,569924,nan,11.600000000000001
USW00093121,569992,nan,17.299999999999997
USW00093121,570234,nan,8.100000000000001
USW00093121,571997,nan,11.95
USW00093121,572035,nan,8.649999999999999
USW00093121,572069,nan,18.3
USW00093121,573530,nan,34.95
USW00093121,574057,nan,33.849999999999994
USW00093121,574095,nan,23.299999999999997
USW00093121,575126,nan,39.45
USW00093121,576008,nan,38.849999999999994
USW00093121,576016,nan,38.349999999999994
USW00093121,576819,nan,24.75
USW00093121,577572,nan,27.799999999999997
USW00093121,577815,nan,34.7
USW00093121,577935,nan,31.1
USW00093121,578339,nan,26.65
USW00093121,578479,nan,26.7
USW00093121,578887,nan,28.25
USW00093121,578889,nan,27.15
USW00093121,578891,nan,26.4
USW00093121,579949,nan,23.049999999999997
USW00093121,580408,nan,25.549999999999997
USW00093121,580414,nan,30.0
USW00093121,581875,nan,18.05
USW00093121,582104,nan,18.6
USW00093121,582410,nan,17.200000000000003
USW00093121,582676,nan,13.05
USW00093121,582678,nan,13.350000000000001
USW00093121,582680,nan,12.8
USW00093121,582682,nan,12.25
USW00093121,582684,nan,12.8
USW00093121,582686,nan,12.5
USW00093121,582688,nan,12.2
USW00093121,583619,nan,16.1
USW00093134,590382,nan,27.8
USW00093136,595070,nan,-1.5
USW00093136,595432,nan,3.0
USW00093136,595789,nan,1.5
USW00093136,596145,nan,7.5
USW00093136,596423,nan,24.0
USW00093136,597074,nan,3.5
USW00093136,598425,nan,31.0
USW00093136,598649,nan,25.0
USW00093136,599006,nan,25.0
USW00093136,599355,nan,23.5
USW00093136,599714,nan,19.0
USW00093136,599794,nan,12.5
USW00093136,599808,nan,16.5
USW00093136,599810,nan,20.5
USW00093136,599812,nan,21.5
USW00093136,599824,nan,13.0
USW00093136,599827,nan,13.0
USW00093136,600018,nan,10.5
USW00093136,600272,nan,12.5
USW00093136,600547,nan,0.5
USW00093136,600902,nan,0.5
USW00093138,609513,nan,15.850000000000001
USW00093144,621087,nan,29.0
USW00093144,621127,nan,20.5
USW00093144,621142,nan,36.0
USW00093184,637283,nan,20.0
USW00093184,638075,nan,12.1
USW00093193,639864,nan,-3.3
USW00093193,650722,nan,40.8
USW00093193,652946,nan,12.0
USW00093194,654743,nan,10.5
USW00093194,654841,nan,17.0
USW00093194,655109,nan,23.5
USW00093194,655125,nan,19.5
USW00093194,655716,nan,24.0
USW00093194,655889,nan,29.0
USW00093194,655945,nan,29.0
USW00093194,655959,nan,32.5
USW00093194,655972,nan,36.5
USW00093194,656051,nan,26.0
USW00093194,656063,nan,34.0
USW00093194,656106,nan,39.5
USW00093194,656176,nan,32.5
USW00093194,656233,nan,26.0
USW00093194,656239,nan,36.0
USW00093194,656305,nan,33.5
USW00093194,656325,nan,34.0
USW00093194,656395,nan,23.5
USW00093194,656407,nan,33.5
USW00093194,656425,nan,37.0
USW00093194,656557,nan,28.5
USW00093194,656572,nan,31.5
USW00093194,656607,nan,32.0
USW00093194,656616,nan,25.0
USW00093194,656849,nan,24.0
USW00093194,656967,nan,21.0
USW00093194,656991,nan,25.0
USW00093194,656997,nan,27.0
USW00093194,657001,nan,16.5
USW00093194,657014,nan,18.5
USW00093194,657079,nan,18.5
USW00093194,657143,nan,18.0
USW00093194,657163,nan,20.5
USW00093194,657180,nan,17.5
USW00093194,657188,nan,16.5
USW00093194,657243,nan,18.5
USW00093194,657278,nan,10.0
USW00093194,657306,nan,7.0
USW00093194,657318,nan,11.0
USW00093194,657377,nan,6.0
USW00093194,657437,nan,7.5
USW00093194,657462,nan,2.0
USW00093194,657554,nan,2.0
USW00093194,657563,nan,9.5
USW00093194,657568,nan,2.5
USW00093194,657581,nan,3.0
USW00093194,657592,nan,2.0
USW00093194,657609,nan,-0.5
USW00093194,657615,nan,4.0
USW00093197,666657,nan,11.1
USW00093201,667770,nan,0.5
USW00093201,669421,nan,-3.0
USW00093201,669824,nan,-1.5
USW00093201,670409,nan,-5.0
USW00093201,670639,nan,6.5
USW00093201,672115,nan,13.5
USW00093201,674435,nan,26.5
USW00093201,674817,nan,29.0
USW00093201,676988,nan,-4.5
USW00093201,677067,nan,-4.5
USW00093201,677086,nan,9.0
USW00093201,677568,nan,-6.0
USW00093201,677698,nan,15.5
USW00093201,677718,nan,3.5
USW00093201,677727,nan,11.5
USW00093201,677825,nan,4.0
USW00093201,677842,nan,-4.0
USW00093201,677876,nan,7.5
USW00093201,677927,nan,7.0
USW00093201,677947,nan,6.0
USW00093201,677977,nan,5.5
USW00093201,678038,nan,-17.0
USW00093201,678126,nan,12.5
USW00093201,678152,nan,11.0
USW00093201,678177,nan,1.5
USW00093201,678252,nan,-3.0
USW00093205,683810,nan,17.5
USW00093205,688112,nan,27.5
USW00093205,690264,nan,22.0
USW00093206,701059,nan,23.85
USW00093209,713011,nan,11.4
USW00093209,717117,nan,8.6
USW00093210,720344,nan,11.95
USW00093210,720370,nan,10.0
USW00093210,724782,nan,28.9
USW00093210,725920,nan,18.35
USW00093210,727218,nan,21.1
USW00093214,730919,nan,9.8
USW00093214,737856,nan,13.0
USW00093214,739571,nan,11.5
USW00093214,739573,nan,11.0
USW00093214,740001,nan,12.0
USW00093214,740003,nan,12.0
USW00093214,740005,nan,12.5
USW00093214,744929,nan,14.2
USW00093216,746555,nan,15.5
USW00093216,746600,nan,2.5
USW00093216,748788,nan,20.5
USW00093216,749787,nan,25.0
USW00093216,749880,nan,31.5
USW00093216,749882,nan,30.0
USW00093216,749884,nan,29.0
USW00093216,749928,nan,34.5
USW00093216,749930,nan,32.5
USW00093216,749932,nan,31.5
USW00093216,749934,nan,29.5
USW00093216,749936,nan,28.0
USW00093216,749977,nan,27.5
USW00093216,749979,nan,25.0
USW00093216,750136,nan,20.5
USW00093216,750185,nan,19.0
USW00093216,750303,nan,24.0
USW00093216,750305,nan,23.5
USW00093216,750307,nan,22.0
USW00093216,750349,nan,22.0
USW00093216,750353,nan,19.0
USW00093216,750397,nan,25.0
USW00093216,750399,nan,24.0
USW00093216,750401,nan,22.5
USW00093216,750405,nan,19.5
USW00093216,750487,nan,23.5
USW00093216,750489,nan,23.0
USW00093216,750621,nan,23.5
USW00093216,750623,nan,23.0
USW00093216,750625,nan,22.0
USW00093216,750627,nan,20.5
USW00093216,750629,nan,19.0
USW00093216,750631,nan,17.5
USW00093216,750669,nan,24.5
USW00093216,750671,nan,23.5
USW00093216,750714,nan,27.5
USW00093216,750716,nan,26.5
USW00093216,750718,nan,24.5
USW00093216,750720,nan,22.5
USW00093216,750764,nan,30.5
USW00093216,750766,nan,29.0
USW00093216,750774,nan,23.5
USW00093216,751127,nan,28.5
USW00093216,751176,nan,27.0
USW00093216,751269,nan,29.0
USW00093216,751271,nan,28.0
USW00093216,751315,nan,26.5
USW00093216,751317,nan,26.5
USW00093216,751319,nan,26.0
USW00093216,751544,nan,25.0
USW00093216,751546,nan,23.0
USW00093216,751731,nan,24.0
USW00093216,751733,nan,23.0
USW00093216,752007,nan,26.0
USW00093216,752009,nan,24.0
USW00093216,752011,nan,23.5
USW00093216,752013,nan,22.5
USW00093216,752015,nan,21.5
USW00093216,752017,nan,20.5
USW00093216,752051,nan,26.0
USW00093216,752053,nan,25.0
USW00093216,752055,nan,23.0
USW00093216,752057,nan,21.5
USW00093216,752059,nan,21.0
USW00093216,752061,nan,20.0
USW00093216,752063,nan,19.0
USW00093216,752095,nan,28.5
USW00093216,752097,nan,27.0
USW00093216,752099,nan,25.0
USW00093216,752101,nan,23.5
USW00093216,752103,nan,23.0
USW00093216,752105,nan,22.0
USW00093216,752141,nan,26.0
USW00093216,752143,nan,24.5
USW00093216,752145,nan,23.5
USW00093216,752376,nan,30.75
USW00093216,752422,nan,33.5
USW00093216,752424,nan,32.0
USW00093216,752468,nan,32.5
USW00093216,752470,nan,31.0
USW00093216,752516,nan,31.0
USW00093216,752518,nan,30.0
USW00093216,752565,nan,31.0
USW00093216,752567,nan,29.0
USW00093216,752611,nan,29.0
USW00093216,752613,nan,27.5
USW00093216,752615,nan,26.0
USW00093216,752617,nan,25.0
USW00093216,752619,nan,24.5
USW00093216,752625,nan,19.5
USW00093225,762657,nan,21.1
USW00093225,767419,nan,4.4
USW00093227,772930,nan,20.85
USW00093227,772982,nan,23.05
USW00093228,780401,nan,22.25
USW00093228,782925,nan,19.7
USW00093228,787296,nan,-17.8
USW00093228,787327,nan,-17.9
USW00093228,787358,nan,-18.0
USW00093228,787363,nan,-17.8
USW00093231,800225,nan,17.5
USW00093231,800272,nan,21.0
USW00093231,800458,nan,31.0
USW00093231,800908,nan,17.0
USW00093231,801138,nan,23.5
USW00093231,801976,nan,16.0
USW00093231,802344,nan,12.0
USW00093232,802819,nan,16.0
USW00093232,802898,nan,12.5
USW00093232,802934,nan,14.0
USW00093232,802966,nan,16.0
USW00093232,803042,nan,18.5
USW00093232,803056,nan,19.5
USW00093232,804024,nan,17.5
USW00093232,804231,nan,14.0
USW00093232,806241,nan,16.0
USW00093232,807130,nan,13.0
USW00093232,807151,nan,16.0
USW00093232,807256,nan,14.0
USW00093232,807604,nan,3.5
USW00093241,808505,nan,12.0
USW00093241,813739,nan,20.5
USW00093241,815983,nan,12.0
USW00093242,816792,nan,11.7
USW00093242,818680,nan,11.350000000000001
USW00093243,825915,nan,2.65
USW00093243,826012,nan,7.65
USW00093243,826125,nan,-0.25
USW00093243,826327,nan,2.3499999999999996
USW00093243,826530,nan,9.2
USW00093243,826685,nan,6.85
USW00093243,826855,nan,1.15
USW00093243,827066,nan,3.3
USW00093243,827280,nan,0.1
USW00093243,827285,nan,-0.95
USW00093243,827479,nan,0.0
USW00093243,827486,nan,-1.9500000000000002
USW00093243,827577,nan,8.0
USW00093243,827693,nan,-0.2
USW00093243,827899,nan,2.15
USW00093243,828112,nan,-1.4500000000000002
USW00093243,828309,nan,-2.05
USW00093243,828535,nan,-6.35
USW00093243,828758,nan,-6.6
USW00093243,828985,nan,-5.7
USW00093243,829212,nan,-0.05
USW00093243,829415,nan,-2.3
USW00093243,829628,nan,-0.7
USW00093243,829851,nan,0.09999999999999999
USW00093243,829941,nan,4.25
USW00093243,830075,nan,3.0
USW00093243,830296,nan,-1.25
USW00093243,830509,nan,-0.95
USW00093243,830599,nan,4.75
USW00093243,830732,nan,0.3
USW00093243,830814,nan,5.699999999999999
USW00093243,830936,nan,2.8
USW00093243,831165,nan,2.3499999999999996
USW00093243,831386,nan,3.8
USW00093243,831559,nan,8.6
USW00093243,831737,nan,8.649999999999999
USW00093243,831952,nan,2.65
USW00093243,832048,nan,9.6
USW00093243,832151,nan,3.9
USW00093243,832327,nan,3.9
USW00093243,832530,nan,7.55
USW00093243,832715,nan,2.0
USW00093243,832802,nan,8.25
USW00093243,832925,nan,3.1500000000000004
USW00093243,833146,nan,5.5
USW00093243,833226,nan,9.899999999999999
USW00093243,833356,nan,5.5
USW00093243,833450,nan,9.65
USW00093243,833565,nan,8.7
USW00093243,833740,nan,9.649999999999999
USW00093243,833876,nan,11.15
USW00093243,834010,nan,11.5
USW00093243,834147,nan,12.9
USW00093243,834345,nan,7.35
USW00093243,834536,nan,8.65
USW00093243,834743,nan,6.2
USW00093243,834969,nan,5.5
USW00093243,835194,nan,7.75
USW00093243,835295,nan,12.600000000000001
USW00093243,835415,nan,7.7
USW00093243,835474,nan,12.2
USW00093243,835610,nan,7.4
USW00093243,835825,nan,10.8
USW00093243,836019,nan,3.0
USW00093243,836213,nan,6.45
USW00093243,836417,nan,10.5
USW00093243,836606,nan,5.699999999999999
USW00093243,836832,nan,3.1
USW00093243,837047,nan,9.2
USW00093243,837198,nan,7.9
USW00093243,837382,nan,8.25
USW00093243,837587,nan,4.65
USW00093243,837794,nan,2.25
USW00093243,838018,nan,4.6
USW00093243,838219,nan,6.35
USW00093243,838440,nan,7.65
USW00093243,838662,nan,10.45
USW00093243,838877,nan,10.100000000000001
USW00093243,839101,nan,11.649999999999999
USW00093243,839329,nan,10.100000000000001
USW00093243,839539,nan,6.4
USW00093243,839759,nan,7.95
USW00093243,839983,nan,8.75
USW00093243,840208,nan,10.1
USW00093243,840274,nan,13.9
USW00093243,840423,nan,11.6
USW00093243,840498,nan,15.25
USW00093243,840649,nan,13.05
USW00093243,840731,nan,15.3
USW00093243,840881,nan,10.100000000000001
USW00093243,841105,nan,11.8
USW00093243,841330,nan,12.9
USW00093243,841554,nan,11.8
USW00093243,841793,nan,9.95
USW00093243,842022,nan,11.75
USW00093243,842197,nan,9.4
USW00093243,842396,nan,7.5
USW00093243,842494,nan,10.850000000000001
USW00093243,842628,nan,9.8
USW00093243,842849,nan,10.4
USW00093243,843067,nan,9.899999999999999
USW00093243,843288,nan,9.95
USW00093243,843496,nan,8.5
USW00093243,843705,nan,5.55
USW00093243,843922,nan,6.8
USW00093243,843998,nan,6.5
USW00093243,844150,nan,8.1
USW00093243,844374,nan,9.4
USW00093243,844596,nan,11.85
USW00093243,844839,nan,7.1
USW00093243,844846,nan,6.300000000000001
USW00093243,845067,nan,10.350000000000001
USW00093243,845299,nan,10.4
USW00093243,845519,nan,14.649999999999999
USW00093243,845734,nan,14.05
USW00093243,845958,nan,12.65
USW00093243,846182,nan,9.75
USW00093243,846408,nan,8.600000000000001
USW00093243,846626,nan,7.6
USW00093243,846838,nan,10.65
USW00093243,847050,nan,5.05
USW00093243,847271,nan,6.199999999999999
USW00093243,847497,nan,6.9
USW00093243,847672,nan,9.45
USW00093243,847869,nan,9.399999999999999
USW00093243,848094,nan,14.0
USW00093243,848335,nan,5.3
USW00093243,848564,nan,5.65
USW00093243,848760,nan,4.6
USW00093243,848974,nan,7.949999999999999
USW00093243,849186,nan,9.649999999999999
USW00093243,849359,nan,6.1
USW00093243,849578,nan,9.05
USW00093243,849808,nan,11.0
USW00093243,850027,nan,9.85
USW00093243,850256,nan,13.5
USW00093243,850482,nan,16.5
USW00093243,850711,nan,16.3
USW00093243,850947,nan,11.899999999999999
USW00093243,851182,nan,12.75
USW00093243,851426,nan,13.5
USW00093243,851646,nan,6.550000000000001
USW00093243,851866,nan,9.149999999999999
USW00093243,852039,nan,7.1
USW00093243,852244,nan,14.7
USW00093243,852466,nan,11.0
USW00093243,852696,nan,14.65
USW00093243,852933,nan,15.2
USW00093243,853174,nan,13.350000000000001
USW00093243,853411,nan,14.0
USW00093243,853645,nan,9.25
USW00093243,853877,nan,5.1
USW00093243,854103,nan,11.8
USW00093243,854330,nan,14.2
USW00093243,854559,nan,9.4
USW00093243,854786,nan,11.350000000000001
USW00093243,855021,nan,11.25
USW00093243,855256,nan,11.95
USW00093243,855476,nan,10.5
USW00093243,855705,nan,13.850000000000001
USW00093243,855934,nan,17.4
USW00093243,856140,nan,15.8
USW00093243,856360,nan,13.2
USW00093243,856593,nan,13.65
USW00093243,856816,nan,15.55
USW00093243,857052,nan,12.25
USW00093243,857292,nan,11.3
USW00093243,857512,nan,13.9
USW00093243,857731,nan,12.85
USW00093243,857954,nan,11.8
USW00093243,858180,nan,15.149999999999999
USW00093243,858402,nan,13.25
USW00093243,858636,nan,11.75
USW00093243,858857,nan,14.149999999999999
USW00093243,859080,nan,16.15
USW00093243,859282,nan,10.3
USW00093243,859506,nan,8.2
USW00093243,859740,nan,11.5
USW00093243,859966,nan,12.05
USW00093243,860184,nan,15.25
USW00093243,860418,nan,14.45
USW00093243,860646,nan,14.25
USW00093243,860821,nan,17.4
USW00093243,861052,nan,18.8
USW00093243,861263,nan,20.45
USW00093243,861489,nan,18.299999999999997
USW00093243,861716,nan,12.4
USW00093243,861945,nan,16.2
USW00093243,862169,nan,16.45
USW00093243,862401,nan,13.1
USW00093243,862633,nan,11.899999999999999
USW00093243,862868,nan,14.600000000000001
USW00093243,863105,nan,12.85
USW00093243,863341,nan,11.5
USW00093243,863572,nan,12.95
USW00093243,863806,nan,15.850000000000001
USW00093243,864041,nan,15.850000000000001
USW00093243,864265,nan,13.0
USW00093243,864501,nan,15.5
USW00093243,864729,nan,13.4
USW00093243,864959,nan,12.850000000000001
USW00093243,865193,nan,11.05
USW00093243,865423,nan,17.4
USW00093243,865649,nan,17.700000000000003
USW00093243,865876,nan,21.5
USW00093243,866099,nan,21.700000000000003
USW00093243,866321,nan,17.700000000000003
USW00093243,866553,nan,15.75
USW00093243,866773,nan,17.6
USW00093243,866998,nan,16.05
USW00093243,867204,nan,19.75
USW00093243,867415,nan,13.45
USW00093243,867641,nan,14.55
USW00093243,867859,nan,16.549999999999997
USW00093243,868082,nan,17.3
USW00093243,868308,nan,17.450000000000003
USW00093243,868536,nan,13.3
USW00093243,868756,nan,16.15
USW00093243,868988,nan,16.95
USW00093243,869214,nan,15.100000000000001
USW00093243,869446,nan,15.95
USW00093243,869671,nan,17.799999999999997
USW00093243,869890,nan,17.55
USW00093243,870086,nan,24.25
USW00093243,870301,nan,17.4
USW00093243,870533,nan,14.85
USW00093243,870755,nan,16.35
USW00093243,870976,nan,18.6
USW00093243,871200,nan,16.4
USW00093243,871427,nan,18.1
USW00093243,871659,nan,18.8
USW00093243,871892,nan,16.75
USW00093243,872115,nan,16.5
USW00093243,872336,nan,18.95
USW00093243,872562,nan,20.9
USW00093243,872790,nan,17.0
USW00093243,873016,nan,12.7
USW00093243,873264,nan,10.45
USW00093243,873474,nan,11.9
USW00093243,873532,nan,13.350000000000001
USW00093243,873687,nan,13.05
USW00093243,873913,nan,15.9
USW00093243,874141,nan,14.55
USW00093243,874371,nan,12.5
USW00093243,874595,nan,14.899999999999999
USW00093243,874806,nan,14.399999999999999
USW00093243,875012,nan,16.2
USW00093243,875238,nan,14.45
USW00093243,875458,nan,11.0
USW00093243,875686,nan,13.45
USW00093243,875917,nan,10.95
USW00093243,876137,nan,16.95
USW00093243,876366,nan,19.5
USW00093243,876573,nan,19.55
USW00093243,876801,nan,19.950000000000003
USW00093243,877027,nan,18.0
USW00093243,877249,nan,17.5
USW00093243,877474,nan,17.0
USW00093243,877693,nan,17.7
USW00093243,877902,nan,21.5
USW00093243,878113,nan,22.9
USW00093243,878332,nan,22.049999999999997
USW00093243,878542,nan,23.799999999999997
USW00093243,878773,nan,22.25
USW00093243,878991,nan,17.0
USW00093243,879223,nan,18.75
USW00093243,879450,nan,17.8
USW00093243,879686,nan,13.15
USW00093243,879901,nan,14.1
USW00093243,880117,nan,16.55
USW00093243,880322,nan,13.75
USW00093243,880546,nan,14.5
USW00093243,880751,nan,14.649999999999999
USW00093243,880959,nan,16.5
USW00093243,881180,nan,13.9
USW00093243,881394,nan,12.7
USW00093243,881615,nan,13.600000000000001
USW00093243,881842,nan,11.85
USW00093243,882067,nan,11.05
USW00093243,882127,nan,11.149999999999999
USW00093243,882281,nan,14.4
USW00093243,882502,nan,15.2
USW00093243,882717,nan,14.05
USW00093243,882925,nan,6.0
USW00093243,883138,nan,9.5
USW00093243,883359,nan,15.2
USW00093243,883527,nan,12.4
USW00093243,883730,nan,11.25
USW00093243,883951,nan,11.100000000000001
USW00093243,884178,nan,14.0
USW00093243,884403,nan,14.55
USW00093243,884624,nan,12.7
USW00093243,884827,nan,11.95
USW00093243,885043,nan,8.2
USW00093243,885277,nan,8.7
USW00093243,885484,nan,12.6
USW00093243,885712,nan,10.649999999999999
USW00093243,885951,nan,12.05
USW00093243,886182,nan,9.600000000000001
USW00093243,886405,nan,7.800000000000001
USW00093243,886630,nan,9.25
USW00093243,886868,nan,10.0
USW00093243,887092,nan,13.0
USW00093243,887319,nan,17.4
USW00093243,887525,nan,8.75
USW00093243,887739,nan,13.7
USW00093243,887896,nan,13.05
USW00093243,888086,nan,10.3
USW00093243,888300,nan,11.4
USW00093243,888500,nan,14.2
USW00093243,888701,nan,13.55
USW00093243,888917,nan,8.8
USW00093243,889131,nan,9.9
USW00093243,889353,nan,17.05
USW00093243,889549,nan,13.8
USW00093243,889763,nan,7.2
USW00093243,889985,nan,9.899999999999999
USW00093243,890204,nan,10.7
USW00093243,890425,nan,10.7
USW00093243,890651,nan,10.05
USW00093243,890870,nan,10.899999999999999
USW00093243,891086,nan,14.649999999999999
USW00093243,891286,nan,15.25
USW00093243,891510,nan,13.05
USW00093243,891737,nan,9.7
USW00093243,891824,nan,12.2
USW00093243,891958,nan,11.0
USW00093243,892046,nan,12.95
USW00093243,892169,nan,10.6
USW00093243,892380,nan,9.85
USW00093243,892598,nan,7.5
USW00093243,892643,nan,3.05
USW00093243,892826,nan,7.25
USW00093243,893040,nan,7.800000000000001
USW00093243,893265,nan,9.1
USW00093243,893491,nan,10.35
USW00093243,893696,nan,10.75
USW00093243,893897,nan,8.2
USW00093243,894104,nan,14.1
USW00093243,894254,nan,13.350000000000001
USW00093243,894485,nan,7.95
USW00093243,894708,nan,10.850000000000001
USW00093243,894924,nan,8.8
USW00093243,895009,nan,13.850000000000001
USW00093243,895142,nan,9.45
USW00093243,895362,nan,8.3
USW00093243,895586,nan,8.15
USW00093243,895690,nan,13.7
USW00093243,895810,nan,9.25
USW00093243,896003,nan,13.149999999999999
USW00093243,896205,nan,5.550000000000001
USW00093243,896427,nan,3.25
USW00093243,896646,nan,4.95
USW00093243,896871,nan,0.8500000000000001
USW00093243,897101,nan,2.35
USW00093243,897313,nan,4.15
USW00093243,897542,nan,2.7
USW00093243,897767,nan,11.75
USW00093243,897984,nan,4.1
USW00093243,898193,nan,4.6
USW00093243,898415,nan,3.55
USW00093243,898654,nan,2.3499999999999996
USW00093243,898862,nan,3.7
USW00093243,899087,nan,4.85
USW00093243,899255,nan,13.05
USW00093243,899467,nan,5.9
USW00093243,899598,nan,11.25
USW00093243,899771,nan,5.9
USW00093243,899988,nan,2.1
USW00093243,900196,nan,5.25
USW00093243,900408,nan,1.05
USW00093243,900613,nan,-0.44999999999999996
USW00093243,900830,nan,0.2
USW00093243,901050,nan,-1.05
USW00093243,901264,nan,0.6
USW00093243,901497,nan,-2.65
USW00093243,901701,nan,5.7
USW00093243,901864,nan,8.25
USW00093243,902000,nan,6.75
USW00093243,902164,nan,10.25
USW00093243,902334,nan,3.4
USW00093243,902512,nan,-0.55
USW00093243,902718,nan,1.85
USW00093243,902934,nan,0.85
USW00093243,903123,nan,6.95
USW00093243,903310,nan,4.45
USW00093243,903503,nan,4.05
USW00093243,903670,nan,4.199999999999999
USW00093243,903807,nan,4.2
USW00093243,903942,nan,8.3
USW00093243,904090,nan,3.0
USW00093244,904217,nan,7.0
USW00093244,904219,nan,10.5
USW00094299,908841,nan,14.65
USW00094299,911619,nan,25.45
USW00094299,917873,nan,9.3
