Station_ID,Index,Original_Temperature,Filled_Temperature
USW00023224,70,nan,50.0
USW00023224,75,nan,35.0
USW00023224,100,nan,50.0
USW00023224,102,nan,31.0
USW00023224,137,nan,70.0
USW00023224,139,nan,39.5
USW00023224,148,nan,75.0
USW00023224,150,nan,72.0
USW00023224,152,nan,71.0
USW00023224,154,nan,72.0
USW00023224,156,nan,72.0
USW00023224,158,nan,69.5
USW00023224,160,nan,38.5
USW00023224,198,nan,67.5
USW00023224,200,nan,71.0
USW00023224,202,nan,66.5
USW00023224,204,nan,67.5
USW00023224,206,nan,64.5
USW00023224,208,nan,33.5
USW00023224,236,nan,29.0
USW00023224,288,nan,4.5
USW00023224,290,nan,5.0
USW00023224,345,nan,73.5
USW00023224,350,nan,36.0
USW00023224,352,nan,32.0
USW00023224,354,nan,37.0
USW00023224,356,nan,48.0
USW00023224,358,nan,36.5
USW00023224,360,nan,17.0
USW00023224,386,nan,20.0
USW00023224,388,nan,26.0
USW00023224,394,nan,18.5
USW00023224,411,nan,3.5
USW00023224,455,nan,7.0
USW00023224,457,nan,10.0
USW00023224,460,nan,26.0
USW00023224,462,nan,27.0
USW00023224,465,nan,22.0
USW00023224,468,nan,23.5
USW00023224,470,nan,22.5
USW00023224,473,nan,58.0
USW00023224,475,nan,45.5
USW00023224,477,nan,42.5
USW00023224,479,nan,54.5
USW00023224,481,nan,57.5
USW00023224,483,nan,28.5
USW00023224,485,nan,11.0
USW00023224,524,nan,43.5
USW00023224,533,nan,44.0
USW00023224,561,nan,31.0
USW00023224,563,nan,48.0
USW00023224,565,nan,57.5
USW00023224,567,nan,73.0
USW00023224,569,nan,72.5
USW00023224,574,nan,68.0
USW00023224,576,nan,75.5
USW00023224,578,nan,71.5
USW00023224,580,nan,66.0
USW00023224,582,nan,42.5
USW00023224,584,nan,14.5
USW00023224,1741,nan,38.0
USW00023224,1944,nan,25.5
USW00023224,1960,nan,11.5
USW00023224,2002,nan,16.5
USW00023224,2004,nan,32.0
USW00023224,2006,nan,34.5
USW00023224,2008,nan,29.5
USW00023224,2010,nan,29.0
USW00023224,2012,nan,29.5
USW00023224,2014,nan,32.5
USW00023224,2016,nan,24.0
USW00023224,2037,nan,46.0
USW00023224,2041,nan,12.0
USW00023224,2057,nan,41.5
USW00023224,2059,nan,39.0
USW00023224,2061,nan,38.0
USW00023224,2063,nan,37.0
USW00023224,2065,nan,37.5
USW00023224,2067,nan,39.5
USW00023224,2069,nan,27.5
USW00023224,16551,nan,13.5
USW00023224,16558,nan,14.5
USW00023224,16961,nan,46.0
USW00023225,21764,nan,7.25
USW00023232,40173,nan,10.85
USW00023232,42017,nan,22.5
USW00023232,42380,nan,23.9
USW00023232,42866,nan,30.0
USW00023232,44893,nan,25.0
USW00023232,46797,nan,16.950000000000003
USW00023233,49607,nan,6.85
USW00023233,50605,nan,11.05
USW00023233,50669,nan,11.0
USW00023233,50968,nan,10.0
USW00023233,51116,nan,8.0
USW00023233,51275,nan,11.5
USW00023233,51280,nan,11.0
USW00023233,51504,nan,11.05
USW00023233,51513,nan,11.0
USW00023233,51827,nan,10.5
USW00023233,52397,nan,9.5
USW00023233,53229,nan,13.5
USW00023233,53435,nan,13.05
USW00023233,53709,nan,18.9
USW00023233,54968,nan,13.0
USW00023233,54998,nan,12.0
USW00023233,55112,nan,12.0
USW00023233,55459,nan,12.9
USW00023233,55943,nan,23.8
USW00023233,56257,nan,10.5
USW00023233,56311,nan,12.5
USW00023233,56688,nan,13.0
USW00023233,56830,nan,14.0
USW00023233,56955,nan,14.0
USW00023233,56959,nan,14.0
USW00023233,57445,nan,9.0
USW00023233,57472,nan,10.0
USW00023233,57811,nan,6.5
USW00023233,57836,nan,8.0
USW00023233,57843,nan,5.0
USW00023237,75767,nan,3.0
USW00023237,75769,nan,3.0
USW00023237,75771,nan,3.0
USW00023237,75774,nan,2.1
USW00023237,75777,nan,3.5
USW00023237,75779,nan,3.5
USW00023237,75781,nan,3.0
USW00023237,75784,nan,2.0
USW00023237,75786,nan,2.5
USW00023237,75788,nan,3.15
USW00023237,75813,nan,3.0
USW00023237,75819,nan,3.0
USW00023237,75827,nan,1.0
USW00023237,75829,nan,1.0
USW00023237,75831,nan,1.05
USW00023237,75835,nan,2.5
USW00023237,75838,nan,3.5
USW00023237,75840,nan,3.5
USW00023237,75842,nan,4.0
USW00023237,75844,nan,4.5
USW00023237,75884,nan,4.0
USW00023237,75890,nan,4.5
USW00023237,75893,nan,4.0
USW00023237,75898,nan,2.5
USW00023237,75904,nan,2.5
USW00023237,75906,nan,3.5
USW00023237,75909,nan,5.3
USW00023237,76890,nan,4.0
USW00023237,76893,nan,3.15
USW00023237,76949,nan,4.0
USW00023237,77152,nan,2.0
USW00023237,77155,nan,1.0
USW00023237,77157,nan,2.0
USW00023237,77250,nan,5.5
USW00023237,77253,nan,3.5
USW00023237,77255,nan,3.5
USW00023237,77257,nan,4.5
USW00023237,77260,nan,6.5
USW00023237,77303,nan,3.95
USW00023237,77409,nan,1.5
USW00023237,77412,nan,1.0
USW00023237,77414,nan,1.0
USW00023237,77416,nan,1.5
USW00023237,77420,nan,4.2
USW00023237,77643,nan,8.0
USW00023237,77645,nan,7.5
USW00023237,77647,nan,6.5
USW00023237,77649,nan,6.6
USW00023237,77651,nan,7.6
USW00023237,77653,nan,7.5
USW00023237,77655,nan,7.0
USW00023237,77657,nan,7.5
USW00023237,77659,nan,8.5
USW00023237,77753,nan,4.5
USW00023237,77851,nan,4.0
USW00023237,77854,nan,3.0
USW00023237,77857,nan,2.0
USW00023237,77948,nan,2.0
USW00023237,77951,nan,1.35
USW00023237,77954,nan,2.0
USW00023237,77957,nan,1.0
USW00023237,91327,nan,3.5
USW00023237,91330,nan,3.0
USW00023237,91333,nan,4.0
USW00023237,91372,nan,6.0
USW00023237,91375,nan,5.5
USW00023237,91379,nan,4.0
USW00023237,91381,nan,3.95
USW00023237,91384,nan,4.0
USW00023237,91386,nan,3.5
USW00023237,91389,nan,4.0
USW00023237,91391,nan,5.0
USW00023237,91393,nan,6.5
USW00023237,91395,nan,7.65
USW00023237,91430,nan,5.0
USW00023237,91439,nan,3.5
USW00023237,91441,nan,3.0
USW00023237,91443,nan,2.5
USW00023237,91445,nan,2.5
USW00023237,91448,nan,4.5
USW00023237,91451,nan,6.85
USW00023237,91491,nan,5.5
USW00023237,91494,nan,5.0
USW00023237,91497,nan,4.0
USW00023237,91499,nan,4.0
USW00023237,91502,nan,3.0
USW00023237,91504,nan,3.5
USW00023237,91538,nan,7.0
USW00023237,91541,nan,6.5
USW00023237,91544,nan,5.5
USW00023237,91547,nan,5.5
USW00023237,91549,nan,5.5
USW00023237,91551,nan,6.05
USW00023237,91553,nan,6.55
USW00023237,91555,nan,7.0
USW00023237,91557,nan,7.5
USW00023237,91559,nan,8.0
USW00023237,91561,nan,8.0
USW00023237,91563,nan,8.45
USW00023237,91794,nan,12.9
USW00023237,91955,nan,13.95
USW00023237,91965,nan,13.0
USW00023237,92066,nan,6.5
USW00023237,92069,nan,5.0
USW00023237,92071,nan,5.5
USW00023237,92073,nan,5.5
USW00023237,92075,nan,5.0
USW00023237,92077,nan,5.55
USW00023237,92079,nan,6.55
USW00023237,92081,nan,6.5
USW00023237,92083,nan,6.0
USW00023237,92085,nan,6.5
USW00023237,92087,nan,7.0
USW00023237,92089,nan,7.4
USW00023237,92127,nan,3.0
USW00023237,92176,nan,6.0
USW00023237,92178,nan,5.5
USW00023237,92180,nan,4.5
USW00023237,92182,nan,4.0
USW00023237,92184,nan,4.0
USW00023237,92186,nan,4.0
USW00023237,92188,nan,5.0
USW00023237,92190,nan,6.35
USW00023237,92234,nan,5.5
USW00023237,92332,nan,4.0
USW00023237,92334,nan,4.0
USW00023237,92336,nan,4.0
USW00023237,92427,nan,-1.05
USW00023237,92429,nan,-1.05
USW00023237,92431,nan,-1.0
USW00023237,92433,nan,-1.0
USW00023237,92436,nan,0.0
USW00023237,92438,nan,0.0
USW00023237,92442,nan,2.4
USW00023237,92851,nan,7.1
USW00023237,92914,nan,3.0
USW00023237,92916,nan,3.5
USW00023237,93010,nan,3.5
USW00023237,93014,nan,3.0
USW00023237,93016,nan,3.0
USW00023237,93018,nan,3.0
USW00023237,93024,nan,3.5
USW00023237,93026,nan,4.2
USW00023237,93154,nan,1.0
USW00023243,97096,nan,11.5
USW00023243,97729,nan,15.5
USW00023243,98594,nan,18.0
USW00023243,105748,nan,26.0
USW00023243,108991,nan,34.0
USW00023243,109205,nan,16.0
USW00023244,123130,nan,16.55
USW00023244,123773,nan,15.5
USW00023244,124672,nan,15.8
USW00023254,130572,nan,19.450000000000003
USW00023254,132901,nan,21.9
USW00023257,138127,nan,16.1
USW00023257,140511,nan,30.299999999999997
USW00023257,142724,nan,32.8
USW00023257,145042,nan,15.8
USW00023258,147507,nan,14.15
USW00023258,152286,nan,33.05
USW00023259,157833,nan,11.1
USW00023259,158012,nan,11.1
USW00023259,159682,nan,13.95
USW00023259,159778,nan,10.8
USW00023259,159945,nan,12.65
USW00023259,161939,nan,13.5
USW00023259,162762,nan,15.55
USW00023285,216851,nan,15.2
USW00023289,219198,nan,10.0
USW00023289,219244,nan,7.0
USW00023289,219286,nan,7.5
USW00023289,219588,nan,8.5
USW00023289,219601,nan,14.0
USW00023289,219645,nan,15.5
USW00023289,219698,nan,11.5
USW00023289,220066,nan,11.5
USW00023289,221646,nan,22.5
USW00023289,221659,nan,19.5
USW00024213,233472,nan,10.3
USW00024213,233496,nan,17.25
USW00024213,233523,nan,12.25
USW00024213,233529,nan,13.649999999999999
USW00024213,233531,nan,13.899999999999999
USW00024213,233578,nan,8.9
USW00024213,233583,nan,3.3499999999999996
USW00024213,233594,nan,10.6
USW00024213,233603,nan,8.05
USW00024213,233605,nan,9.15
USW00024213,233620,nan,10.55
USW00024213,233628,nan,9.7
USW00024213,233639,nan,10.55
USW00024213,233670,nan,5.550000000000001
USW00024213,233745,nan,5.25
USW00024213,233805,nan,8.3
USW00024213,233812,nan,12.25
USW00024213,233824,nan,12.5
USW00024213,233880,nan,6.1
USW00024213,233907,nan,10.6
USW00024213,233914,nan,11.7
USW00024213,234052,nan,14.7
USW00024213,234080,nan,8.6
USW00024213,234149,nan,9.15
USW00024213,234174,nan,8.850000000000001
USW00024213,234226,nan,6.4
USW00024213,234258,nan,10.3
USW00024213,234333,nan,12.75
USW00024213,234367,nan,12.5
USW00024213,234387,nan,8.3
USW00024213,234468,nan,9.4
USW00024213,234587,nan,10.55
USW00024213,234620,nan,11.95
USW00024213,234677,nan,12.75
USW00024213,234683,nan,12.2
USW00024213,234700,nan,13.35
USW00024213,234726,nan,11.399999999999999
USW00024213,234728,nan,12.2
USW00024213,234744,nan,10.0
USW00024213,234771,nan,11.100000000000001
USW00024213,234806,nan,15.55
USW00024213,234808,nan,14.45
USW00024213,234884,nan,12.2
USW00024213,234893,nan,12.75
USW00024213,234895,nan,11.649999999999999
USW00024213,234918,nan,13.05
USW00024213,234928,nan,13.05
USW00024213,234982,nan,12.75
USW00024213,235001,nan,11.149999999999999
USW00024213,235029,nan,13.600000000000001
USW00024213,235131,nan,10.55
USW00024213,235169,nan,13.05
USW00024213,235253,nan,9.7
USW00024213,235264,nan,11.95
USW00024213,235428,nan,9.7
USW00024213,235430,nan,11.1
USW00024213,235438,nan,12.75
USW00024213,235440,nan,15.55
USW00024213,235517,nan,9.75
USW00024213,235531,nan,9.45
USW00024213,235545,nan,12.25
USW00024213,235608,nan,15.55
USW00024213,235616,nan,13.600000000000001
USW00024213,235636,nan,12.5
USW00024213,235647,nan,7.8
USW00024213,235695,nan,12.25
USW00024213,235713,nan,12.75
USW00024213,235744,nan,12.75
USW00024213,235746,nan,14.15
USW00024213,235766,nan,13.350000000000001
USW00024213,235776,nan,11.1
USW00024213,235816,nan,11.9
USW00024213,235832,nan,14.15
USW00024213,235857,nan,13.850000000000001
USW00024213,235911,nan,11.95
USW00024213,235918,nan,11.95
USW00024213,235945,nan,12.2
USW00024213,236006,nan,8.850000000000001
USW00024213,236030,nan,5.0
USW00024213,236042,nan,4.75
USW00024213,236044,nan,3.9
USW00024213,236047,nan,5.0
USW00024213,236129,nan,10.0
USW00024213,236131,nan,8.3
USW00024213,236136,nan,4.75
USW00024215,242841,nan,19.1
USW00024216,255278,nan,13.3
USW00024216,263055,nan,19.450000000000003
USW00024257,268754,nan,25.0
USW00024257,271294,nan,30.55
USW00024257,273719,nan,14.700000000000001
USW00024259,275959,nan,-1.95
USW00024283,288466,nan,18.35
USW00024283,290997,nan,13.350000000000001
USW00024286,306189,nan,12.1
USW00053119,316831,nan,14.450000000000001
USW00053119,319003,nan,30.549999999999997
USW00053119,321421,nan,23.6
USW00053119,323537,nan,13.9
USW00053120,329476,nan,22.5
USW00053120,329727,nan,16.5
USW00053121,340410,nan,19.5
USW00053121,343745,nan,21.85
USW00053121,343880,nan,16.95
USW00053121,344154,nan,19.55
USW00053130,348051,nan,12.0
USW00053130,348194,nan,12.0
USW00053130,348198,nan,16.5
USW00053130,350027,nan,30.0
USW00053139,351245,nan,6.6
USW00053139,351456,nan,11.3
USW00053139,351670,nan,10.4
USW00053139,351897,nan,9.15
USW00053139,352110,nan,8.75
USW00053139,352329,nan,10.95
USW00053139,352551,nan,10.850000000000001
USW00053139,352755,nan,15.25
USW00053139,352961,nan,9.149999999999999
USW00053139,353186,nan,11.55
USW00053139,353399,nan,12.149999999999999
USW00053139,353631,nan,13.5
USW00053139,353864,nan,9.7
USW00053139,354088,nan,9.2
USW00053139,354310,nan,6.9
USW00053139,354514,nan,6.2
USW00053139,354721,nan,10.25
USW00053139,354923,nan,6.95
USW00053139,355131,nan,7.35
USW00053139,355334,nan,7.5
USW00053139,355547,nan,10.100000000000001
USW00053139,355766,nan,13.649999999999999
USW00053139,355972,nan,8.8
USW00053139,356160,nan,10.899999999999999
USW00053139,356389,nan,13.3
USW00053139,356615,nan,10.850000000000001
USW00053139,356835,nan,11.95
USW00053139,357044,nan,16.049999999999997
USW00053139,357259,nan,14.2
USW00053139,357480,nan,11.4
USW00053139,357675,nan,10.649999999999999
USW00053139,357894,nan,13.05
USW00053139,358095,nan,18.75
USW00053139,358294,nan,12.9
USW00053139,358496,nan,11.100000000000001
USW00053139,358707,nan,14.1
USW00053139,358920,nan,9.399999999999999
USW00053139,359123,nan,13.05
USW00053139,359307,nan,16.25
USW00053139,359516,nan,16.55
USW00053139,359739,nan,17.3
USW00053139,359958,nan,15.35
USW00053139,360133,nan,17.05
USW00053139,360331,nan,15.15
USW00053139,360532,nan,13.45
USW00053139,360716,nan,10.850000000000001
USW00053139,360881,nan,15.25
USW00053139,361042,nan,15.8
USW00053139,361258,nan,14.2
USW00053139,361456,nan,14.4
USW00053139,361648,nan,10.9
USW00053139,361851,nan,11.1
USW00053139,362067,nan,16.55
USW00053139,362290,nan,20.5
USW00053139,362514,nan,20.35
USW00053139,362720,nan,15.6
USW00053139,362925,nan,19.799999999999997
USW00053139,363123,nan,14.55
USW00053139,363323,nan,12.75
USW00053139,363520,nan,12.75
USW00053139,363722,nan,12.35
USW00053139,363938,nan,15.0
USW00053139,364115,nan,12.0
USW00053139,364340,nan,15.15
USW00053139,364547,nan,17.700000000000003
USW00053139,364768,nan,15.25
USW00053139,365004,nan,9.6
USW00053139,365176,nan,16.9
USW00053139,365385,nan,17.6
USW00053139,365615,nan,15.35
USW00053139,365831,nan,18.15
USW00053139,366029,nan,20.9
USW00053139,366240,nan,21.85
USW00053139,366447,nan,20.35
USW00053139,366646,nan,20.200000000000003
USW00053139,366862,nan,22.45
USW00053139,367046,nan,25.200000000000003
USW00053139,367251,nan,12.1
USW00053139,367431,nan,13.350000000000001
USW00053139,367625,nan,12.100000000000001
USW00053139,367838,nan,15.2
USW00053139,368059,nan,19.55
USW00053139,368275,nan,26.450000000000003
USW00053139,368482,nan,22.8
USW00053139,368687,nan,22.7
USW00053139,368890,nan,14.5
USW00053139,369082,nan,15.1
USW00053139,369274,nan,20.1
USW00053139,369476,nan,19.45
USW00053139,369669,nan,22.25
USW00053139,369881,nan,21.950000000000003
USW00053139,370108,nan,20.5
USW00053139,370305,nan,18.3
USW00053139,370490,nan,22.85
USW00053139,370689,nan,20.5
USW00053139,370876,nan,23.35
USW00053139,371067,nan,15.649999999999999
USW00053139,371253,nan,16.7
USW00053139,371479,nan,18.95
USW00053139,371693,nan,21.55
USW00053139,371910,nan,27.8
USW00053139,372145,nan,24.549999999999997
USW00053139,372347,nan,16.5
USW00053139,372540,nan,20.700000000000003
USW00053139,372708,nan,12.55
USW00053139,372881,nan,18.0
USW00053139,373094,nan,20.4
USW00053139,373304,nan,23.3
USW00053139,373508,nan,26.55
USW00053139,373727,nan,28.75
USW00053139,373928,nan,31.450000000000003
USW00053139,374117,nan,29.3
USW00053139,374328,nan,30.35
USW00053139,374538,nan,31.35
USW00053139,374756,nan,30.9
USW00053139,374929,nan,30.95
USW00053139,375115,nan,29.55
USW00053139,375307,nan,25.5
USW00053139,375491,nan,27.5
USW00053139,375706,nan,27.7
USW00053139,375902,nan,27.35
USW00053139,376117,nan,30.05
USW00053139,376315,nan,29.45
USW00053139,376512,nan,27.950000000000003
USW00053139,376719,nan,26.75
USW00053139,376916,nan,28.55
USW00053139,377106,nan,27.15
USW00053139,377294,nan,28.4
USW00053139,377492,nan,26.45
USW00053139,377710,nan,28.75
USW00053139,377931,nan,30.35
USW00053139,378143,nan,32.5
USW00053139,378349,nan,32.15
USW00053139,378548,nan,33.05
USW00053139,378764,nan,29.6
USW00053139,378989,nan,31.9
USW00053139,379193,nan,29.6
USW00053139,379411,nan,32.900000000000006
USW00053139,379628,nan,32.4
USW00053139,379822,nan,30.65
USW00053139,380023,nan,28.15
USW00053139,380239,nan,31.05
USW00053139,380460,nan,33.55
USW00053139,380656,nan,37.400000000000006
USW00053139,380856,nan,31.1
USW00053139,381055,nan,28.25
USW00053139,381258,nan,18.55
USW00053139,381445,nan,22.0
USW00053139,381633,nan,26.549999999999997
USW00053139,381829,nan,28.15
USW00053139,382029,nan,30.85
USW00053139,382245,nan,33.35
USW00053139,382462,nan,35.2
USW00053139,382669,nan,36.8
USW00053139,382878,nan,36.35
USW00053139,383088,nan,35.85
USW00053139,383301,nan,30.7
USW00053139,383506,nan,25.95
USW00053139,383695,nan,27.15
USW00053139,383917,nan,31.45
USW00053139,384127,nan,31.75
USW00053139,384334,nan,29.05
USW00053139,384511,nan,30.25
USW00053139,384728,nan,30.4
USW00053139,384905,nan,34.8
USW00053139,385111,nan,34.5
USW00053139,385314,nan,33.599999999999994
USW00053139,385519,nan,34.45
USW00053139,385729,nan,35.7
USW00053139,385930,nan,37.95
USW00053139,386152,nan,36.5
USW00053139,386356,nan,38.15
USW00053139,386560,nan,37.8
USW00053139,386784,nan,35.55
USW00053139,386993,nan,32.45
USW00053139,387212,nan,32.7
USW00053139,387423,nan,33.2
USW00053139,387639,nan,32.1
USW00053139,387841,nan,33.7
USW00053139,388042,nan,33.05
USW00053139,388262,nan,34.65
USW00053139,388484,nan,33.7
USW00053139,388687,nan,34.15
USW00053139,388893,nan,36.95
USW00053139,389100,nan,37.15
USW00053139,389322,nan,36.55
USW00053139,389498,nan,31.45
USW00053139,389693,nan,35.2
USW00053139,389902,nan,35.8
USW00053139,390128,nan,39.2
USW00053139,390335,nan,38.95
USW00053139,390536,nan,41.8
USW00053139,390734,nan,43.2
USW00053139,390940,nan,43.9
USW00053139,391131,nan,37.3
USW00053139,391296,nan,26.95
USW00053139,391484,nan,35.1
USW00053139,391689,nan,35.25
USW00053139,391896,nan,33.95
USW00053139,392106,nan,33.25
USW00053139,392321,nan,32.849999999999994
USW00053139,392536,nan,37.95
USW00053139,392743,nan,38.9
USW00053139,392945,nan,41.25
USW00053139,393130,nan,41.8
USW00053139,393317,nan,34.8
USW00053139,393515,nan,35.599999999999994
USW00053139,393730,nan,37.2
USW00053139,393950,nan,33.85
USW00053139,394163,nan,34.8
USW00053139,394380,nan,33.45
USW00053139,394587,nan,36.6
USW00053139,394802,nan,38.1
USW00053139,394981,nan,30.55
USW00053139,395166,nan,36.9
USW00053139,395366,nan,38.95
USW00053139,395572,nan,37.349999999999994
USW00053139,395774,nan,39.3
USW00053139,395973,nan,38.4
USW00053139,396186,nan,39.8
USW00053139,396392,nan,40.2
USW00053139,396602,nan,41.8
USW00053139,396800,nan,41.95
USW00053139,397002,nan,39.1
USW00053139,397205,nan,39.4
USW00053139,397382,nan,38.0
USW00053139,397561,nan,39.25
USW00053139,397748,nan,39.8
USW00053139,397919,nan,38.5
USW00053139,398119,nan,39.4
USW00053139,398301,nan,39.6
USW00053139,398483,nan,36.0
USW00053139,398671,nan,38.0
USW00053139,398849,nan,40.3
USW00053139,399047,nan,39.4
USW00053139,399247,nan,28.25
USW00053139,399437,nan,34.2
USW00053139,399632,nan,35.9
USW00053139,399823,nan,37.650000000000006
USW00053139,400017,nan,34.85
USW00053139,400230,nan,32.400000000000006
USW00053139,400441,nan,37.75
USW00053139,400643,nan,37.7
USW00053139,400842,nan,35.75
USW00053139,401022,nan,36.2
USW00053139,401233,nan,31.8
USW00053139,401440,nan,32.3
USW00053139,401652,nan,34.35
USW00053139,401856,nan,34.4
USW00053139,402053,nan,36.25
USW00053139,402234,nan,34.9
USW00053139,402428,nan,34.75
USW00053139,402634,nan,38.45
USW00053139,402823,nan,38.0
USW00053139,403014,nan,35.8
USW00053139,403196,nan,30.3
USW00053139,403383,nan,35.150000000000006
USW00053139,403600,nan,32.65
USW00053139,403816,nan,29.25
USW00053139,404033,nan,31.6
USW00053139,404246,nan,32.4
USW00053139,404452,nan,29.7
USW00053139,404665,nan,33.8
USW00053139,404886,nan,33.400000000000006
USW00053139,405095,nan,32.65
USW00053139,405311,nan,33.7
USW00053139,405508,nan,33.5
USW00053139,405696,nan,34.0
USW00053139,405890,nan,32.8
USW00053139,406067,nan,31.65
USW00053139,406260,nan,28.7
USW00053139,406467,nan,28.950000000000003
USW00053139,406690,nan,29.1
USW00053139,406897,nan,30.25
USW00053139,407125,nan,30.7
USW00053139,407340,nan,30.8
USW00053139,407558,nan,30.25
USW00053139,407766,nan,29.7
USW00053139,407968,nan,29.049999999999997
USW00053139,408154,nan,29.15
USW00053139,408354,nan,26.55
USW00053139,408564,nan,25.85
USW00053139,408766,nan,25.95
USW00053139,408958,nan,29.4
USW00053139,409143,nan,26.3
USW00053139,409326,nan,20.049999999999997
USW00053139,409509,nan,18.6
USW00053139,409699,nan,20.7
USW00053139,409900,nan,23.15
USW00053139,410105,nan,23.75
USW00053139,410319,nan,23.6
USW00053139,410544,nan,27.6
USW00053139,410758,nan,23.75
USW00053139,410963,nan,23.7
USW00053139,411168,nan,24.65
USW00053139,411369,nan,22.65
USW00053139,411576,nan,21.65
USW00053139,411760,nan,18.45
USW00053139,411956,nan,20.049999999999997
USW00053139,412152,nan,21.55
USW00053139,412332,nan,16.5
USW00053139,412547,nan,21.049999999999997
USW00053139,412769,nan,21.0
USW00053139,412988,nan,21.05
USW00053139,413213,nan,16.25
USW00053139,413437,nan,21.1
USW00053139,413645,nan,21.450000000000003
USW00053139,413852,nan,21.1
USW00053139,414064,nan,20.55
USW00053139,414287,nan,23.1
USW00053139,414512,nan,26.3
USW00053139,414729,nan,23.4
USW00053139,414948,nan,18.950000000000003
USW00053139,415170,nan,21.35
USW00053139,415349,nan,11.25
USW00053139,415531,nan,12.7
USW00053139,415705,nan,9.899999999999999
USW00053139,415912,nan,11.95
USW00053139,416121,nan,12.0
USW00053139,416334,nan,13.55
USW00053139,416515,nan,15.149999999999999
USW00053139,416708,nan,16.4
USW00053139,416901,nan,17.549999999999997
USW00053139,417099,nan,17.65
USW00053139,417296,nan,15.95
USW00053139,417496,nan,14.15
USW00053139,417701,nan,15.899999999999999
USW00053139,417928,nan,18.0
USW00053139,418153,nan,16.75
USW00053139,418372,nan,14.35
USW00053139,418583,nan,15.0
USW00053139,418804,nan,15.4
USW00053139,419016,nan,13.75
USW00053139,419231,nan,13.4
USW00053139,419446,nan,17.0
USW00053139,419661,nan,18.85
USW00053139,419853,nan,15.05
USW00053139,420071,nan,16.65
USW00053139,420284,nan,17.200000000000003
USW00053139,420469,nan,17.85
USW00053139,420668,nan,13.45
USW00053139,420874,nan,14.5
USW00053139,421096,nan,15.45
USW00053139,421305,nan,10.75
USW00053139,421531,nan,16.25
USW00053139,421743,nan,11.0
USW00053139,421952,nan,10.350000000000001
USW00053139,422160,nan,18.65
USW00053139,422329,nan,13.1
USW00053139,422508,nan,12.149999999999999
USW00053139,422676,nan,8.7
USW00053139,422863,nan,8.4
USW00053139,423050,nan,9.9
USW00053139,423249,nan,10.7
USW00053139,423434,nan,5.65
USW00053139,423639,nan,4.65
USW00053139,423852,nan,4.9
USW00053139,424047,nan,7.3
USW00053139,424267,nan,8.1
USW00053139,424472,nan,12.95
USW00053139,424658,nan,7.75
USW00053139,424847,nan,9.75
USW00053139,425068,nan,9.6
USW00053139,425258,nan,10.05
USW00053139,425440,nan,8.850000000000001
USW00053139,425611,nan,10.350000000000001
USW00053141,433891,nan,9.95
USW00053141,434265,nan,14.65
USW00053141,434313,nan,9.75
USW00053141,434316,nan,9.5
USW00053141,434325,nan,8.5
USW00053141,434329,nan,9.0
USW00053141,434411,nan,13.0
USW00053141,434542,nan,8.5
USW00053141,434787,nan,13.0
USW00053141,434791,nan,13.0
USW00053141,434829,nan,10.5
USW00053141,434893,nan,12.05
USW00053141,435000,nan,12.0
USW00053141,435003,nan,11.0
USW00053141,435008,nan,10.5
USW00053141,435013,nan,8.5
USW00053141,435016,nan,8.5
USW00053141,435018,nan,8.5
USW00053141,435020,nan,8.5
USW00053141,435022,nan,7.5
USW00053141,435025,nan,8.0
USW00053141,435622,nan,4.5
USW00053141,435628,nan,3.2
USW00053141,435655,nan,3.9
USW00053143,435677,nan,30.0
USW00053143,435779,nan,11.5
USW00053143,435817,nan,13.0
USW00053143,435899,nan,14.0
USW00053143,435923,nan,11.5
USW00053143,435937,nan,10.0
USW00053143,435979,nan,16.5
USW00053143,436019,nan,10.0
USW00053143,436022,nan,10.5
USW00053143,436026,nan,14.0
USW00053143,436028,nan,13.0
USW00053143,436060,nan,19.5
USW00053143,436095,nan,13.0
USW00053143,436097,nan,10.5
USW00053143,436123,nan,16.0
USW00053143,440774,nan,26.5
USW00053144,442053,nan,10.25
USW00053144,442352,nan,-0.5
USW00053144,442550,nan,14.7
USW00053144,442967,nan,8.6
USW00053144,443639,nan,7.8
USW00053144,443910,nan,6.95
USW00053144,443932,nan,0.8500000000000001
USW00053144,444119,nan,-0.6
USW00053144,444130,nan,0.95
USW00053144,444282,nan,15.0
USW00053144,445057,nan,22.5
USW00053144,445157,nan,14.0
USW00053144,445216,nan,7.5
USW00053144,445764,nan,8.9
USW00053144,446372,nan,3.85
USW00053144,446678,nan,8.65
USW00053144,446971,nan,23.35
USW00053144,447384,nan,85.85
USW00053144,447694,nan,25.6
USW00053144,447779,nan,20.0
USW00053144,447969,nan,28.35
USW00053144,449190,nan,28.3
USW00053144,449330,nan,29.4
USW00053144,449482,nan,22.5
USW00053144,449526,nan,24.450000000000003
USW00053144,449929,nan,25.799999999999997
USW00053144,450446,nan,28.299999999999997
USW00053144,450513,nan,27.0
USW00053144,450652,nan,36.650000000000006
USW00053144,453218,nan,21.4
USW00053144,454225,nan,24.4
USW00053144,454361,nan,23.3
USW00053144,454377,nan,26.65
USW00053144,454684,nan,14.15
USW00053144,455037,nan,28.35
USW00053144,455867,nan,91.95
USW00053144,457018,nan,11.649999999999999
USW00053144,457245,nan,3.05
USW00053144,457773,nan,-0.3
USW00053150,458545,nan,10.149999999999999
USW00053150,458709,nan,10.1
USW00053150,458867,nan,8.4
USW00053150,459026,nan,10.8
USW00053150,459203,nan,11.9
USW00053150,459359,nan,8.7
USW00053150,459524,nan,5.65
USW00053150,459690,nan,7.45
USW00053150,459887,nan,9.3
USW00053150,460069,nan,6.800000000000001
USW00053150,460266,nan,7.35
USW00053150,460445,nan,5.25
USW00053150,460613,nan,6.4
USW00053150,460779,nan,7.3
USW00053150,460965,nan,4.35
USW00053150,461134,nan,-2.2
USW00053150,461298,nan,-6.050000000000001
USW00053150,461485,nan,1.05
USW00053150,461654,nan,4.35
USW00053150,461831,nan,2.55
USW00053150,461925,nan,4.4
USW00053150,462086,nan,-3.0
USW00053150,462258,nan,-1.95
USW00053150,462380,nan,-0.30000000000000004
USW00053150,462547,nan,5.9
USW00053150,462720,nan,7.15
USW00053150,462871,nan,3.3499999999999996
USW00053150,463047,nan,5.8
USW00053150,463236,nan,6.050000000000001
USW00053150,463414,nan,6.8
USW00053150,463572,nan,2.2
USW00053150,463767,nan,2.8
USW00053150,463939,nan,3.4
USW00053150,464130,nan,3.85
USW00053150,464311,nan,-0.05
USW00053150,464477,nan,0.6499999999999999
USW00053150,464628,nan,1.7
USW00053150,464795,nan,5.6
USW00053150,464922,nan,0.1
USW00053150,465093,nan,5.3
USW00053150,465288,nan,7.5
USW00053150,465467,nan,1.85
USW00053150,465571,nan,-0.2
USW00053150,465698,nan,-2.05
USW00053150,465838,nan,-5.1
USW00053150,466006,nan,-3.5
USW00053150,466174,nan,-2.05
USW00053150,466357,nan,4.7
USW00053150,466559,nan,1.35
USW00053150,466737,nan,-2.8
USW00053150,466898,nan,-2.95
USW00053150,467082,nan,0.9
USW00053150,467299,nan,8.5
USW00053150,467502,nan,6.15
USW00053150,467691,nan,10.3
USW00053150,467881,nan,4.1
USW00053150,468074,nan,2.45
USW00053150,468241,nan,-2.95
USW00053150,468355,nan,-6.300000000000001
USW00053150,468480,nan,-6.15
USW00053150,468484,nan,-5.25
USW00053150,468602,nan,-5.25
USW00053150,468726,nan,-4.55
USW00053150,468922,nan,7.4
USW00053150,469101,nan,8.6
USW00053150,469273,nan,7.85
USW00053150,469449,nan,3.9
USW00053150,469614,nan,-9.0
USW00053150,469834,nan,6.85
USW00053150,470021,nan,7.3
USW00053150,470226,nan,9.65
USW00053150,470417,nan,3.05
USW00053150,470572,nan,-0.55
USW00053150,470716,nan,0.2
USW00053150,470828,nan,0.6
USW00053150,470937,nan,2.75
USW00053150,471084,nan,3.45
USW00053150,471191,nan,-0.8500000000000001
USW00053150,471303,nan,-6.5
USW00053150,471420,nan,-9.25
USW00053150,471545,nan,-3.25
USW00053150,471703,nan,4.5
USW00053150,471885,nan,4.4
USW00053150,472031,nan,2.1500000000000004
USW00053150,472097,nan,2.5
USW00053150,472167,nan,2.8499999999999996
USW00053150,472321,nan,1.0
USW00053150,472441,nan,-3.25
USW00053150,472558,nan,-1.4
USW00053150,472713,nan,-1.65
USW00053150,472842,nan,1.65
USW00053150,473000,nan,5.35
USW00053150,473167,nan,4.6
USW00053150,473298,nan,-5.15
USW00053150,473432,nan,0.6499999999999999
USW00053150,473630,nan,8.0
USW00053150,473821,nan,1.55
USW00053150,473955,nan,-4.1
USW00053150,474121,nan,-6.85
USW00053150,474311,nan,2.25
USW00053150,474494,nan,6.7
USW00053150,474675,nan,6.25
USW00053150,474845,nan,7.3
USW00053150,475020,nan,2.05
USW00053150,475120,nan,-3.4
USW00053150,475216,nan,-2.3
USW00053150,475308,nan,-5.0
USW00053150,475419,nan,-0.7
USW00053150,475544,nan,3.65
USW00053150,475552,nan,4.8
USW00053150,475727,nan,6.0
USW00053150,475913,nan,5.800000000000001
USW00053150,476080,nan,7.65
USW00053150,476265,nan,14.600000000000001
USW00053150,476438,nan,13.05
USW00053150,476625,nan,14.6
USW00053150,476799,nan,14.4
USW00053150,476965,nan,9.4
USW00053150,477152,nan,7.2
USW00053150,477159,nan,7.15
USW00053150,477316,nan,5.95
USW00053150,477443,nan,1.0
USW00053150,477636,nan,7.0
USW00053150,477830,nan,10.1
USW00053150,478018,nan,11.05
USW00053150,478191,nan,9.100000000000001
USW00053150,478372,nan,7.25
USW00053150,478558,nan,6.449999999999999
USW00053150,478732,nan,3.3
USW00053150,478923,nan,5.1
USW00053150,479120,nan,8.3
USW00053150,479295,nan,10.15
USW00053150,479468,nan,10.350000000000001
USW00053150,479665,nan,13.95
USW00053150,479856,nan,14.15
USW00053150,480031,nan,12.4
USW00053150,480208,nan,13.05
USW00053150,480378,nan,14.55
USW00053150,480568,nan,12.0
USW00053150,480751,nan,5.9
USW00053150,480966,nan,12.2
USW00053150,481156,nan,13.2
USW00053150,481358,nan,7.5
USW00053150,481532,nan,9.95
USW00053150,481712,nan,12.45
USW00053150,481896,nan,14.1
USW00053150,482075,nan,12.600000000000001
USW00053150,482266,nan,11.25
USW00053150,482445,nan,9.350000000000001
USW00053150,482631,nan,2.75
USW00053150,482781,nan,-1.4
USW00053150,482895,nan,2.6
USW00053150,483072,nan,6.2
USW00053150,483253,nan,8.1
USW00053150,483424,nan,12.3
USW00053150,483596,nan,16.4
USW00053150,483786,nan,18.15
USW00053150,483960,nan,16.200000000000003
USW00053150,484146,nan,15.5
USW00053150,484330,nan,13.1
USW00053150,484501,nan,-0.35
USW00053150,484677,nan,3.85
USW00053150,484864,nan,9.5
USW00053150,485055,nan,10.8
USW00053150,485248,nan,8.9
USW00053150,485429,nan,11.55
USW00053150,485612,nan,12.85
USW00053150,485796,nan,14.600000000000001
USW00053150,485974,nan,14.4
USW00053150,486149,nan,14.649999999999999
USW00053150,486326,nan,14.7
USW00053150,486501,nan,19.35
USW00053150,486668,nan,22.2
USW00053150,486855,nan,18.55
USW00053150,487020,nan,14.8
USW00053150,487195,nan,16.6
USW00053150,487379,nan,16.1
USW00053150,487548,nan,12.05
USW00053150,487722,nan,8.05
USW00053150,487892,nan,7.65
USW00053150,488073,nan,8.45
USW00053150,488270,nan,7.15
USW00053150,488449,nan,10.9
USW00053150,488626,nan,13.05
USW00053150,488811,nan,13.5
USW00053150,488993,nan,13.6
USW00053150,489163,nan,11.9
USW00053150,489353,nan,13.15
USW00053150,489524,nan,14.8
USW00053150,489688,nan,14.7
USW00053150,489861,nan,14.75
USW00053150,490044,nan,14.65
USW00053150,490231,nan,18.2
USW00053150,490410,nan,19.25
USW00053150,490587,nan,17.950000000000003
USW00053150,490778,nan,20.85
USW00053150,490959,nan,22.0
USW00053150,491120,nan,21.95
USW00053150,491290,nan,20.0
USW00053150,491475,nan,16.75
USW00053150,491655,nan,15.850000000000001
USW00053150,491821,nan,15.6
USW00053150,492001,nan,11.5
USW00053150,492184,nan,10.05
USW00053150,492356,nan,15.55
USW00053150,492531,nan,14.6
USW00053150,492705,nan,18.1
USW00053150,492890,nan,20.25
USW00053150,493073,nan,19.75
USW00053150,493252,nan,15.4
USW00053150,493426,nan,15.25
USW00053150,493613,nan,15.95
USW00053150,493815,nan,14.7
USW00053150,493992,nan,13.25
USW00053150,494178,nan,14.5
USW00053150,494371,nan,15.7
USW00053150,494574,nan,17.700000000000003
USW00053150,494764,nan,18.25
USW00053150,494946,nan,19.8
USW00053150,495139,nan,21.25
USW00053150,495333,nan,18.3
USW00053150,495538,nan,16.6
USW00053150,495716,nan,20.1
USW00053150,495884,nan,19.75
USW00053150,496053,nan,20.5
USW00053150,496229,nan,22.25
USW00053150,496396,nan,21.75
USW00053150,496563,nan,21.299999999999997
USW00053150,496740,nan,23.65
USW00053150,496917,nan,22.4
USW00053150,497106,nan,22.299999999999997
USW00053150,497280,nan,20.0
USW00053150,497452,nan,21.35
USW00053150,497617,nan,20.4
USW00053150,497798,nan,20.25
USW00053150,497994,nan,19.4
USW00053150,498172,nan,20.299999999999997
USW00053150,498363,nan,18.6
USW00053150,498551,nan,18.95
USW00053150,498733,nan,17.35
USW00053150,498914,nan,17.6
USW00053150,499094,nan,18.8
USW00053150,499263,nan,15.75
USW00053150,499430,nan,12.55
USW00053150,499612,nan,17.45
USW00053150,499792,nan,17.35
USW00053150,499957,nan,17.85
USW00053150,500151,nan,16.9
USW00053150,500320,nan,11.3
USW00053150,500504,nan,13.25
USW00053150,500691,nan,16.05
USW00053150,500875,nan,16.0
USW00053150,501047,nan,18.5
USW00053150,501235,nan,15.3
USW00053150,501408,nan,15.75
USW00053150,501583,nan,16.85
USW00053150,501761,nan,18.4
USW00053150,501934,nan,16.5
USW00053150,502104,nan,15.3
USW00053150,502299,nan,15.100000000000001
USW00053150,502484,nan,18.35
USW00053150,502663,nan,18.6
USW00053150,502847,nan,17.950000000000003
USW00053150,503018,nan,17.9
USW00053150,503181,nan,17.7
USW00053150,503359,nan,15.85
USW00053150,503531,nan,16.75
USW00053150,503697,nan,16.95
USW00053150,503872,nan,17.9
USW00053150,504051,nan,16.5
USW00053150,504232,nan,15.35
USW00053150,504409,nan,14.05
USW00053150,504540,nan,14.6
USW00053150,504725,nan,13.649999999999999
USW00053150,504909,nan,15.9
USW00053150,505078,nan,16.35
USW00053150,505227,nan,17.1
USW00053150,505397,nan,18.049999999999997
USW00053150,505582,nan,19.549999999999997
USW00053150,505765,nan,20.2
USW00053150,505926,nan,18.700000000000003
USW00053150,506086,nan,17.05
USW00053150,506263,nan,13.2
USW00053150,506440,nan,9.85
USW00053150,506625,nan,9.5
USW00053150,506812,nan,8.0
USW00053150,506997,nan,5.4
USW00053150,507175,nan,5.05
USW00053150,507340,nan,5.05
USW00053150,507510,nan,3.95
USW00053150,507603,nan,5.75
USW00053150,507629,nan,7.55
USW00053150,507834,nan,13.3
USW00053150,508026,nan,13.350000000000001
USW00053150,508221,nan,14.75
USW00053150,508418,nan,16.6
USW00053150,508599,nan,15.149999999999999
USW00053150,508777,nan,15.1
USW00053150,508962,nan,12.2
USW00053150,509140,nan,7.05
USW00053150,509304,nan,4.95
USW00053150,509443,nan,-2.2
USW00053150,509542,nan,-1.1
USW00053150,509697,nan,2.95
USW00053150,509874,nan,7.1
USW00053150,510065,nan,10.95
USW00053150,510260,nan,12.55
USW00053150,510428,nan,11.1
USW00053150,510626,nan,11.9
USW00053150,510811,nan,11.05
USW00053150,510974,nan,8.149999999999999
USW00053150,511114,nan,6.4
USW00053150,511283,nan,9.25
USW00053150,511446,nan,11.649999999999999
USW00053150,511629,nan,15.5
USW00053150,511801,nan,15.75
USW00053150,511961,nan,14.25
USW00053150,512109,nan,7.7
USW00053150,512238,nan,-4.95
USW00053150,512373,nan,-7.5
USW00053150,512527,nan,-5.65
USW00053150,512719,nan,4.0
USW00053150,512895,nan,7.2
USW00053150,513073,nan,7.9
USW00053150,513245,nan,11.1
USW00053150,513418,nan,4.5
USW00053150,513519,nan,3.6
USW00053150,513647,nan,2.4
USW00053150,513767,nan,0.95
USW00053150,513913,nan,4.699999999999999
USW00053150,514084,nan,3.6
USW00053150,514203,nan,4.15
USW00053150,514233,nan,5.4
USW00053150,514425,nan,9.0
USW00053150,514579,nan,12.1
USW00053150,514724,nan,9.850000000000001
USW00053150,514892,nan,7.5
USW00053150,515066,nan,7.800000000000001
USW00053150,515203,nan,7.0
USW00053150,515326,nan,3.95
USW00053150,515451,nan,3.1
USW00053150,515566,nan,3.1500000000000004
USW00053150,515680,nan,3.8499999999999996
USW00053150,515774,nan,4.0
USW00053150,515805,nan,4.95
USW00053150,515911,nan,9.8
USW00053150,516072,nan,7.75
USW00053150,516220,nan,5.199999999999999
USW00053150,516375,nan,4.4
USW00053150,516538,nan,5.5
USW00053150,516707,nan,5.7
USW00053150,516873,nan,9.149999999999999
USW00053150,517058,nan,8.2
USW00053150,517223,nan,1.05
USW00053150,517345,nan,-5.8
USW00053150,517494,nan,-4.15
USW00053150,517640,nan,-6.1
USW00053150,517660,nan,-6.449999999999999
USW00053150,517782,nan,-3.95
USW00053150,517920,nan,0.6499999999999999
USW00053150,518040,nan,-1.1
USW00053150,518176,nan,-10.1
USW00053150,518380,nan,-0.9500000000000001
USW00053150,518539,nan,0.4
USW00053150,518691,nan,-2.8
USW00053150,518810,nan,-3.7
USW00053150,518895,nan,-0.05
USW00053150,518947,nan,-3.25
USW00053150,519048,nan,-1.0
USW00053150,519227,nan,-3.2
USW00053150,519323,nan,-6.1
USW00053150,519455,nan,-4.449999999999999
USW00053150,519594,nan,-4.6
USW00053150,519705,nan,-5.1
USW00053150,519849,nan,-4.15
USW00053151,520047,nan,19.9
USW00053151,520242,nan,19.65
USW00053151,520458,nan,17.4
USW00053151,520683,nan,17.45
USW00053151,520900,nan,19.15
USW00053151,521109,nan,15.35
USW00053151,521308,nan,13.3
USW00053151,521528,nan,12.95
USW00053151,521738,nan,12.75
USW00053151,521940,nan,10.649999999999999
USW00053151,522132,nan,10.9
USW00053151,522332,nan,15.6
USW00053151,522548,nan,13.25
USW00053151,522761,nan,12.55
USW00053151,522961,nan,10.75
USW00053151,523136,nan,9.4
USW00053151,523236,nan,5.85
USW00053151,523440,nan,6.6
USW00053151,523639,nan,8.6
USW00053151,523837,nan,7.6
USW00053151,524026,nan,9.2
USW00053151,524170,nan,8.2
USW00053151,524349,nan,8.0
USW00053151,524480,nan,9.8
USW00053151,524652,nan,13.2
USW00053151,524864,nan,16.05
USW00053151,525069,nan,13.3
USW00053151,525280,nan,15.25
USW00053151,525479,nan,15.65
USW00053151,525691,nan,13.1
USW00053151,525895,nan,11.45
USW00053151,526101,nan,10.1
USW00053151,526301,nan,8.75
USW00053151,526488,nan,12.45
USW00053151,526689,nan,11.7
USW00053151,526887,nan,12.45
USW00053151,527103,nan,12.850000000000001
USW00053151,527292,nan,15.15
USW00053151,527477,nan,11.75
USW00053151,527677,nan,15.05
USW00053151,527885,nan,14.899999999999999
USW00053151,528064,nan,9.75
USW00053151,528204,nan,9.45
USW00053151,528362,nan,9.45
USW00053151,528480,nan,6.45
USW00053151,528663,nan,7.15
USW00053151,528826,nan,5.7
USW00053151,529026,nan,11.5
USW00053151,529241,nan,8.350000000000001
USW00053151,529421,nan,9.6
USW00053151,529583,nan,7.65
USW00053151,529776,nan,8.649999999999999
USW00053151,529970,nan,13.35
USW00053151,530183,nan,14.1
USW00053151,530401,nan,11.2
USW00053151,530594,nan,9.5
USW00053151,530770,nan,7.75
USW00053151,530923,nan,10.2
USW00053151,531051,nan,4.699999999999999
USW00053151,531241,nan,5.4
USW00053151,531421,nan,8.7
USW00053151,531581,nan,8.2
USW00053151,531781,nan,9.8
USW00053151,531994,nan,15.45
USW00053151,532211,nan,18.25
USW00053151,532406,nan,13.45
USW00053151,532570,nan,7.25
USW00053151,532774,nan,7.85
USW00053151,532984,nan,15.2
USW00053151,533206,nan,14.05
USW00053151,533397,nan,10.3
USW00053151,533539,nan,9.3
USW00053151,533715,nan,8.75
USW00053151,533897,nan,8.4
USW00053151,533944,nan,9.45
USW00053151,534075,nan,9.7
USW00053151,534245,nan,10.2
USW00053151,534388,nan,10.350000000000001
USW00053151,534488,nan,4.550000000000001
USW00053151,534652,nan,6.25
USW00053151,534823,nan,5.949999999999999
USW00053151,535011,nan,10.95
USW00053151,535208,nan,13.65
USW00053151,535401,nan,8.7
USW00053151,535574,nan,10.350000000000001
USW00053151,535633,nan,10.7
USW00053151,535747,nan,8.850000000000001
USW00053151,535912,nan,9.1
USW00053151,536093,nan,8.45
USW00053151,536292,nan,8.2
USW00053151,536484,nan,10.55
USW00053151,536652,nan,10.2
USW00053151,536818,nan,9.7
USW00053151,536955,nan,8.8
USW00053151,537142,nan,8.9
USW00053151,537339,nan,12.1
USW00053151,537544,nan,12.8
USW00053151,537749,nan,9.7
USW00053151,537948,nan,8.3
USW00053151,538159,nan,14.8
USW00053151,538367,nan,14.5
USW00053151,538586,nan,13.95
USW00053151,538797,nan,8.45
USW00053151,538982,nan,11.0
USW00053151,539149,nan,9.95
USW00053151,539343,nan,9.6
USW00053151,539469,nan,7.05
USW00053151,539635,nan,8.25
USW00053151,539838,nan,11.05
USW00053151,540031,nan,15.05
USW00053151,540245,nan,15.9
USW00053151,540448,nan,12.55
USW00053151,540512,nan,14.0
USW00053151,540656,nan,11.5
USW00053151,540850,nan,11.649999999999999
USW00053151,540869,nan,14.3
USW00053151,541041,nan,13.0
USW00053151,541192,nan,12.2
USW00053151,541303,nan,11.75
USW00053151,541503,nan,14.3
USW00053151,541678,nan,13.4
USW00053151,541837,nan,12.6
USW00053151,542011,nan,11.1
USW00053151,542207,nan,12.4
USW00053151,542371,nan,13.55
USW00053151,542500,nan,13.2
USW00053151,542609,nan,12.3
USW00053151,542758,nan,12.45
USW00053151,542919,nan,12.6
USW00053151,543091,nan,11.85
USW00053151,543273,nan,11.05
USW00053151,543472,nan,11.75
USW00053151,543661,nan,12.850000000000001
USW00053151,543861,nan,17.700000000000003
USW00053151,544069,nan,12.649999999999999
USW00053151,544111,nan,14.85
USW00053151,544226,nan,12.45
USW00053151,544414,nan,12.4
USW00053151,544606,nan,12.6
USW00053151,544789,nan,12.350000000000001
USW00053151,544986,nan,12.8
USW00053151,545046,nan,13.75
USW00053151,545191,nan,14.65
USW00053151,545404,nan,13.9
USW00053151,545591,nan,13.0
USW00053151,545773,nan,13.75
USW00053151,545969,nan,13.8
USW00053151,546011,nan,15.5
USW00053151,546015,nan,16.4
USW00053151,546177,nan,17.6
USW00053151,546399,nan,15.7
USW00053151,546610,nan,13.0
USW00053151,546767,nan,14.25
USW00053151,546924,nan,13.649999999999999
USW00053151,547073,nan,9.55
USW00053151,547253,nan,10.75
USW00053151,547458,nan,12.850000000000001
USW00053151,547675,nan,14.7
USW00053151,547876,nan,12.850000000000001
USW00053151,548057,nan,12.1
USW00053151,548095,nan,14.05
USW00053151,548248,nan,13.1
USW00053151,548445,nan,13.149999999999999
USW00053151,548628,nan,13.8
USW00053151,548793,nan,14.1
USW00053151,548963,nan,14.5
USW00053151,549131,nan,12.6
USW00053151,549340,nan,14.45
USW00053151,549547,nan,13.8
USW00053151,549737,nan,11.850000000000001
USW00053151,549776,nan,12.649999999999999
USW00053151,549784,nan,13.9
USW00053151,549910,nan,12.850000000000001
USW00053151,550098,nan,11.8
USW00053151,550279,nan,13.75
USW00053151,550468,nan,13.0
USW00053151,550517,nan,15.100000000000001
USW00053151,550632,nan,12.649999999999999
USW00053151,550784,nan,13.9
USW00053151,550937,nan,13.149999999999999
USW00053151,551130,nan,14.0
USW00053151,551345,nan,14.05
USW00053151,551540,nan,13.9
USW00053151,551708,nan,14.15
USW00053151,551895,nan,13.1
USW00053151,552088,nan,14.2
USW00053151,552282,nan,14.350000000000001
USW00053151,552467,nan,14.1
USW00053151,552672,nan,13.7
USW00053151,552876,nan,13.5
USW00053151,553083,nan,16.6
USW00053151,553303,nan,16.799999999999997
USW00053151,553521,nan,16.0
USW00053151,553739,nan,14.6
USW00053151,553956,nan,14.7
USW00053151,554145,nan,14.5
USW00053151,554322,nan,14.7
USW00053151,554505,nan,15.05
USW00053151,554667,nan,15.149999999999999
USW00053151,554831,nan,14.95
USW00053151,555022,nan,14.899999999999999
USW00053151,555081,nan,15.95
USW00053151,555231,nan,14.95
USW00053151,555445,nan,16.5
USW00053151,555654,nan,19.35
USW00053151,555869,nan,19.299999999999997
USW00053151,556085,nan,15.95
USW00053151,556280,nan,18.4
USW00053151,556484,nan,19.05
USW00053151,556673,nan,15.45
USW00053151,556712,nan,16.4
USW00053151,556715,nan,17.35
USW00053151,556853,nan,14.6
USW00053151,557025,nan,14.65
USW00053151,557210,nan,14.3
USW00053151,557417,nan,25.2
USW00053151,557629,nan,18.5
USW00053151,557840,nan,17.4
USW00053151,558037,nan,16.85
USW00053151,558212,nan,15.850000000000001
USW00053151,558391,nan,16.5
USW00053151,558586,nan,14.8
USW00053151,558629,nan,16.35
USW00053151,558773,nan,14.9
USW00053151,558959,nan,14.3
USW00053151,559144,nan,14.649999999999999
USW00053151,559354,nan,15.95
USW00053151,559566,nan,15.4
USW00053151,559757,nan,17.5
USW00053151,559938,nan,16.299999999999997
USW00053151,560149,nan,17.5
USW00053151,560356,nan,16.25
USW00053151,560539,nan,15.7
USW00053151,560718,nan,15.9
USW00053151,560901,nan,16.95
USW00053151,561108,nan,24.0
USW00053151,561313,nan,22.05
USW00053151,561525,nan,23.45
USW00053151,561745,nan,22.35
USW00053151,561976,nan,22.1
USW00053151,562197,nan,24.700000000000003
USW00053151,562429,nan,25.9
USW00053151,562643,nan,23.5
USW00053151,562852,nan,20.299999999999997
USW00053151,563063,nan,24.95
USW00053151,563282,nan,25.200000000000003
USW00053151,563504,nan,23.05
USW00053151,563713,nan,21.9
USW00053151,563911,nan,22.15
USW00053151,564118,nan,19.45
USW00053151,564299,nan,18.200000000000003
USW00053151,564481,nan,19.1
USW00053151,564643,nan,18.65
USW00053151,564809,nan,17.65
USW00053151,564974,nan,16.1
USW00053151,565169,nan,18.7
USW00053151,565386,nan,21.2
USW00053151,565615,nan,23.4
USW00053151,565826,nan,19.7
USW00053151,566046,nan,22.4
USW00053151,566266,nan,20.35
USW00053151,566478,nan,21.0
USW00053151,566687,nan,20.549999999999997
USW00053151,566903,nan,22.45
USW00053151,567114,nan,21.95
USW00053151,567323,nan,20.049999999999997
USW00053151,567520,nan,20.15
USW00053151,567714,nan,20.5
USW00053151,567920,nan,19.1
USW00053151,568132,nan,22.200000000000003
USW00053151,568320,nan,21.9
USW00053151,568450,nan,19.65
USW00053151,568629,nan,18.35
USW00053151,568822,nan,25.3
USW00053151,569038,nan,29.0
USW00053151,569252,nan,25.049999999999997
USW00053151,569450,nan,17.4
USW00053151,569658,nan,18.8
USW00053151,569720,nan,16.65
USW00053151,569864,nan,19.35
USW00053151,570089,nan,20.700000000000003
USW00053151,570313,nan,18.5
USW00053151,570519,nan,20.4
USW00053151,570726,nan,25.95
USW00053151,570939,nan,19.549999999999997
USW00053151,571152,nan,17.4
USW00053151,571358,nan,14.7
USW00053151,571410,nan,16.3
USW00053151,571548,nan,16.700000000000003
USW00053151,571597,nan,16.3
USW00053151,571750,nan,19.55
USW00053151,571962,nan,23.75
USW00053151,572168,nan,24.6
USW00053151,572377,nan,26.0
USW00053151,572593,nan,27.2
USW00053151,572806,nan,23.15
USW00053151,573026,nan,16.0
USW00053151,573205,nan,15.55
USW00053151,573395,nan,16.25
USW00053151,573572,nan,16.65
USW00053151,573754,nan,16.45
USW00053151,573917,nan,16.4
USW00053151,574079,nan,15.8
USW00053151,574265,nan,14.4
USW00053151,574435,nan,12.35
USW00053151,574619,nan,12.55
USW00053151,574826,nan,18.25
USW00053151,575032,nan,21.6
USW00053151,575237,nan,21.35
USW00053151,575442,nan,22.45
USW00053151,575656,nan,25.5
USW00053151,575822,nan,16.75
USW00053151,575999,nan,16.9
USW00053151,576104,nan,15.2
USW00053151,576226,nan,14.9
USW00053151,576372,nan,13.149999999999999
USW00053151,576561,nan,11.95
USW00053151,576761,nan,12.35
USW00053151,576966,nan,17.15
USW00053151,577161,nan,17.5
USW00053151,577368,nan,19.35
USW00053151,577585,nan,17.55
USW00053151,577782,nan,17.65
USW00053151,577980,nan,14.2
USW00053151,578168,nan,12.1
USW00053151,578348,nan,13.3
USW00053151,578528,nan,12.4
USW00053151,578735,nan,18.05
USW00053151,578943,nan,22.75
USW00053151,579160,nan,19.1
USW00053151,579368,nan,16.05
USW00053151,579585,nan,12.9
USW00053151,579734,nan,12.1
USW00053151,579906,nan,8.95
USW00053151,580098,nan,5.9
USW00053151,580295,nan,11.05
USW00053151,580506,nan,11.95
USW00053151,580717,nan,16.9
USW00053151,580923,nan,15.350000000000001
USW00053151,581111,nan,14.95
USW00053151,581319,nan,13.95
USW00053151,581469,nan,14.45
USW00053151,581638,nan,12.05
USW00053151,581827,nan,12.15
USW00053151,582010,nan,11.1
USW00053151,582207,nan,11.850000000000001
USW00053151,582403,nan,16.55
USW00053151,582624,nan,18.15
USW00053151,582849,nan,14.9
USW00053151,583041,nan,10.850000000000001
USW00053151,583229,nan,13.649999999999999
USW00053151,583421,nan,12.1
USW00053151,583586,nan,12.25
USW00053151,583731,nan,14.75
USW00053151,583815,nan,15.4
USW00053151,583972,nan,13.75
USW00053151,584039,nan,17.4
USW00053151,584101,nan,13.6
USW00053151,584238,nan,14.15
USW00053151,584423,nan,11.05
USW00053151,584437,nan,11.75
USW00053151,584624,nan,11.1
USW00053151,584787,nan,11.75
USW00053151,584799,nan,11.65
USW00053151,585000,nan,14.2
USW00053151,585188,nan,10.95
USW00053151,585390,nan,12.899999999999999
USW00053151,585594,nan,12.2
USW00053151,585795,nan,10.05
USW00053151,585959,nan,12.05
USW00053151,586100,nan,8.3
USW00053151,586272,nan,7.4
USW00053151,586427,nan,8.5
USW00053151,586564,nan,10.3
USW00053151,586673,nan,11.649999999999999
USW00053151,586796,nan,5.6
USW00053151,586993,nan,7.65
USW00053151,587196,nan,8.5
USW00053151,587397,nan,8.0
USW00053151,587596,nan,8.9
USW00053151,587760,nan,9.55
USW00053151,587906,nan,9.35
USW00053151,588067,nan,8.850000000000001
USW00053151,588247,nan,8.05
USW00053151,588427,nan,5.9
USW00053151,588627,nan,8.15
USW00053151,588786,nan,8.0
USW00053151,588958,nan,4.05
USW00053152,589137,nan,4.949999999999999
USW00053152,589316,nan,9.649999999999999
USW00053152,589394,nan,11.25
USW00053152,589512,nan,9.0
USW00053152,589709,nan,7.85
USW00053152,589894,nan,9.7
USW00053152,590107,nan,10.5
USW00053152,590318,nan,7.800000000000001
USW00053152,590493,nan,6.0
USW00053152,590701,nan,6.65
USW00053152,590924,nan,6.65
USW00053152,591111,nan,6.300000000000001
USW00053152,591300,nan,8.25
USW00053152,591520,nan,7.300000000000001
USW00053152,591743,nan,6.3
USW00053152,591946,nan,6.85
USW00053152,592128,nan,9.5
USW00053152,592325,nan,4.0
USW00053152,592513,nan,4.25
USW00053152,592709,nan,5.6
USW00053152,592915,nan,8.600000000000001
USW00053152,593086,nan,12.05
USW00053152,593241,nan,5.7
USW00053152,593435,nan,11.5
USW00053152,593607,nan,9.65
USW00053152,593828,nan,11.9
USW00053152,594066,nan,18.7
USW00053152,594293,nan,17.9
USW00053152,594503,nan,8.35
USW00053152,594722,nan,6.75
USW00053152,594948,nan,5.8
USW00053152,595154,nan,6.8
USW00053152,595349,nan,7.6
USW00053152,595549,nan,7.5
USW00053152,595759,nan,5.85
USW00053152,595972,nan,6.6
USW00053152,596186,nan,6.35
USW00053152,596401,nan,5.45
USW00053152,596566,nan,13.149999999999999
USW00053152,596716,nan,14.0
USW00053152,596930,nan,9.25
USW00053152,597134,nan,11.7
USW00053152,597349,nan,13.7
USW00053152,597532,nan,11.85
USW00053152,597719,nan,9.5
USW00053152,597882,nan,10.6
USW00053152,598083,nan,6.75
USW00053152,598293,nan,7.9
USW00053152,598517,nan,7.3
USW00053152,598733,nan,9.55
USW00053152,598931,nan,8.35
USW00053152,599154,nan,7.65
USW00053152,599342,nan,6.05
USW00053152,599528,nan,8.1
USW00053152,599748,nan,16.5
USW00053152,599973,nan,9.5
USW00053152,600128,nan,10.7
USW00053152,600278,nan,16.0
USW00053152,600473,nan,11.3
USW00053152,600634,nan,8.149999999999999
USW00053152,600817,nan,5.85
USW00053152,601002,nan,9.4
USW00053152,601199,nan,9.75
USW00053152,601419,nan,6.5
USW00053152,601624,nan,6.25
USW00053152,601839,nan,9.600000000000001
USW00053152,602017,nan,9.9
USW00053152,602062,nan,10.5
USW00053152,602199,nan,9.8
USW00053152,602404,nan,3.3
USW00053152,602623,nan,7.25
USW00053152,602856,nan,10.1
USW00053152,603068,nan,7.050000000000001
USW00053152,603262,nan,6.4
USW00053152,603436,nan,6.6
USW00053152,603617,nan,7.6
USW00053152,603773,nan,10.9
USW00053152,603923,nan,11.7
USW00053152,604041,nan,12.1
USW00053152,604186,nan,7.25
USW00053152,604376,nan,9.0
USW00053152,604568,nan,6.95
USW00053152,604748,nan,8.4
USW00053152,604930,nan,9.0
USW00053152,605128,nan,11.850000000000001
USW00053152,605299,nan,6.949999999999999
USW00053152,605437,nan,11.9
USW00053152,605573,nan,8.45
USW00053152,605759,nan,6.65
USW00053152,605948,nan,10.1
USW00053152,606111,nan,11.4
USW00053152,606260,nan,10.649999999999999
USW00053152,606435,nan,11.0
USW00053152,606580,nan,10.850000000000001
USW00053152,606762,nan,15.2
USW00053152,606979,nan,9.850000000000001
USW00053152,607178,nan,11.95
USW00053152,607390,nan,10.85
USW00053152,607606,nan,11.600000000000001
USW00053152,607799,nan,6.95
USW00053152,608010,nan,9.149999999999999
USW00053152,608204,nan,7.550000000000001
USW00053152,608405,nan,7.449999999999999
USW00053152,608581,nan,11.95
USW00053152,608726,nan,9.05
USW00053152,608878,nan,12.9
USW00053152,609025,nan,9.850000000000001
USW00053152,609191,nan,8.2
USW00053152,609377,nan,9.350000000000001
USW00053152,609561,nan,10.5
USW00053152,609774,nan,12.65
USW00053152,609970,nan,12.149999999999999
USW00053152,610157,nan,12.75
USW00053152,610291,nan,12.1
USW00053152,610405,nan,12.2
USW00053152,610494,nan,12.25
USW00053152,610602,nan,13.9
USW00053152,610761,nan,13.6
USW00053152,610925,nan,14.4
USW00053152,611085,nan,12.05
USW00053152,611297,nan,10.95
USW00053152,611506,nan,14.8
USW00053152,611676,nan,11.850000000000001
USW00053152,611778,nan,12.4
USW00053152,611887,nan,11.1
USW00053152,612056,nan,10.2
USW00053152,612250,nan,12.25
USW00053152,612453,nan,12.25
USW00053152,612671,nan,12.8
USW00053152,612855,nan,14.75
USW00053152,613007,nan,12.899999999999999
USW00053152,613196,nan,14.7
USW00053152,613395,nan,14.95
USW00053152,613567,nan,13.1
USW00053152,613677,nan,13.55
USW00053152,613779,nan,12.4
USW00053152,613919,nan,11.399999999999999
USW00053152,613986,nan,15.5
USW00053152,614113,nan,10.75
USW00053152,614325,nan,14.6
USW00053152,614524,nan,14.2
USW00053152,614721,nan,13.5
USW00053152,614915,nan,12.45
USW00053152,615091,nan,12.899999999999999
USW00053152,615272,nan,13.95
USW00053152,615454,nan,14.55
USW00053152,615659,nan,23.25
USW00053152,615896,nan,15.9
USW00053152,616096,nan,11.6
USW00053152,616276,nan,12.1
USW00053152,616444,nan,11.6
USW00053152,616649,nan,13.15
USW00053152,616863,nan,13.95
USW00053152,617049,nan,11.7
USW00053152,617225,nan,12.35
USW00053152,617418,nan,14.3
USW00053152,617563,nan,13.350000000000001
USW00053152,617705,nan,15.0
USW00053152,617851,nan,13.8
USW00053152,618025,nan,15.7
USW00053152,618234,nan,17.549999999999997
USW00053152,618466,nan,15.85
USW00053152,618674,nan,16.65
USW00053152,618851,nan,13.0
USW00053152,619025,nan,12.0
USW00053152,619200,nan,13.0
USW00053152,619353,nan,13.8
USW00053152,619482,nan,14.45
USW00053152,619615,nan,13.4
USW00053152,619770,nan,12.5
USW00053152,619906,nan,13.55
USW00053152,620064,nan,15.25
USW00053152,620176,nan,14.25
USW00053152,620304,nan,15.55
USW00053152,620433,nan,14.9
USW00053152,620559,nan,14.5
USW00053152,620705,nan,11.5
USW00053152,620899,nan,15.05
USW00053152,621107,nan,14.899999999999999
USW00053152,621321,nan,14.2
USW00053152,621532,nan,16.1
USW00053152,621731,nan,14.649999999999999
USW00053152,621910,nan,15.45
USW00053152,622101,nan,13.95
USW00053152,622269,nan,14.0
USW00053152,622451,nan,15.9
USW00053152,622642,nan,14.899999999999999
USW00053152,622812,nan,15.2
USW00053152,622964,nan,14.5
USW00053152,623096,nan,15.2
USW00053152,623238,nan,12.75
USW00053152,623365,nan,13.0
USW00053152,623508,nan,12.9
USW00053152,623541,nan,15.25
USW00053152,623647,nan,13.0
USW00053152,623818,nan,15.5
USW00053152,623985,nan,14.5
USW00053152,624123,nan,14.4
USW00053152,624273,nan,15.3
USW00053152,624435,nan,14.8
USW00053152,624594,nan,14.850000000000001
USW00053152,624741,nan,14.1
USW00053152,624879,nan,16.6
USW00053152,625016,nan,15.3
USW00053152,625204,nan,16.9
USW00053152,625389,nan,17.9
USW00053152,625567,nan,16.5
USW00053152,625736,nan,16.25
USW00053152,625899,nan,15.4
USW00053152,626037,nan,14.649999999999999
USW00053152,626179,nan,12.25
USW00053152,626338,nan,12.350000000000001
USW00053152,626511,nan,12.3
USW00053152,626708,nan,14.55
USW00053152,626892,nan,14.3
USW00053152,627065,nan,15.2
USW00053152,627233,nan,14.2
USW00053152,627347,nan,14.55
USW00053152,627389,nan,17.75
USW00053152,627391,nan,17.9
USW00053152,627490,nan,15.3
USW00053152,627638,nan,15.149999999999999
USW00053152,627788,nan,14.35
USW00053152,627940,nan,15.6
USW00053152,628113,nan,16.75
USW00053152,628304,nan,17.1
USW00053152,628489,nan,19.15
USW00053152,628658,nan,16.5
USW00053152,628818,nan,16.15
USW00053152,628992,nan,16.0
USW00053152,629182,nan,15.25
USW00053152,629354,nan,16.4
USW00053152,629503,nan,16.2
USW00053152,629655,nan,15.9
USW00053152,629821,nan,14.8
USW00053152,629993,nan,17.25
USW00053152,630165,nan,16.9
USW00053152,630324,nan,17.7
USW00053152,630482,nan,17.85
USW00053152,630649,nan,15.9
USW00053152,630804,nan,16.9
USW00053152,630967,nan,16.75
USW00053152,631095,nan,16.35
USW00053152,631232,nan,16.8
USW00053152,631358,nan,15.850000000000001
USW00053152,631511,nan,12.75
USW00053152,631712,nan,15.35
USW00053152,631910,nan,17.45
USW00053152,632091,nan,18.55
USW00053152,632277,nan,18.299999999999997
USW00053152,632472,nan,14.3
USW00053152,632668,nan,15.1
USW00053152,632861,nan,15.8
USW00053152,633008,nan,15.6
USW00053152,633177,nan,15.8
USW00053152,633335,nan,17.2
USW00053152,633468,nan,18.0
USW00053152,633627,nan,16.8
USW00053152,633811,nan,18.700000000000003
USW00053152,633993,nan,16.95
USW00053152,634174,nan,16.85
USW00053152,634318,nan,17.5
USW00053152,634438,nan,16.95
USW00053152,634574,nan,16.05
USW00053152,634766,nan,17.2
USW00053152,634959,nan,15.8
USW00053152,635148,nan,16.75
USW00053152,635307,nan,12.15
USW00053152,635499,nan,15.45
USW00053152,635690,nan,15.75
USW00053152,635891,nan,15.35
USW00053152,636063,nan,17.3
USW00053152,636239,nan,16.45
USW00053152,636428,nan,14.75
USW00053152,636609,nan,15.8
USW00053152,636775,nan,13.649999999999999
USW00053152,636905,nan,16.45
USW00053152,637034,nan,16.8
USW00053152,637192,nan,12.7
USW00053152,637389,nan,16.3
USW00053152,637572,nan,15.95
USW00053152,637787,nan,16.700000000000003
USW00053152,637961,nan,15.8
USW00053152,637999,nan,17.55
USW00053152,638112,nan,16.05
USW00053152,638274,nan,11.9
USW00053152,638481,nan,18.65
USW00053152,638674,nan,16.950000000000003
USW00053152,638884,nan,14.55
USW00053152,639089,nan,16.799999999999997
USW00053152,639285,nan,12.75
USW00053152,639476,nan,11.5
USW00053152,639680,nan,11.7
USW00053152,639891,nan,10.9
USW00053152,640087,nan,11.75
USW00053152,640289,nan,15.1
USW00053152,640481,nan,14.2
USW00053152,640692,nan,16.65
USW00053152,640905,nan,15.8
USW00053152,641103,nan,15.55
USW00053152,641270,nan,17.45
USW00053152,641392,nan,15.8
USW00053152,641566,nan,13.55
USW00053152,641714,nan,11.45
USW00053152,641908,nan,14.4
USW00053152,642114,nan,13.3
USW00053152,642338,nan,12.45
USW00053152,642565,nan,10.05
USW00053152,642790,nan,12.5
USW00053152,643009,nan,12.600000000000001
USW00053152,643206,nan,13.3
USW00053152,643251,nan,14.4
USW00053152,643366,nan,8.55
USW00053152,643557,nan,11.9
USW00053152,643750,nan,11.5
USW00053152,643953,nan,12.45
USW00053152,644156,nan,11.15
USW00053152,644368,nan,13.0
USW00053152,644605,nan,13.7
USW00053152,644826,nan,15.649999999999999
USW00053152,644935,nan,15.1
USW00053152,645081,nan,13.8
USW00053152,645266,nan,10.95
USW00053152,645469,nan,7.65
USW00053152,645691,nan,4.2
USW00053152,645906,nan,6.6
USW00053152,646127,nan,6.9
USW00053152,646347,nan,11.149999999999999
USW00053152,646530,nan,11.65
USW00053152,646684,nan,15.9
USW00053152,646800,nan,14.75
USW00053152,646983,nan,13.649999999999999
USW00053152,647143,nan,9.75
USW00053152,647342,nan,12.25
USW00053152,647569,nan,11.55
USW00053152,647748,nan,9.850000000000001
USW00053152,647836,nan,14.05
USW00053152,647896,nan,9.649999999999999
USW00053152,648081,nan,10.25
USW00053152,648150,nan,14.0
USW00053152,648239,nan,14.1
USW00053152,648384,nan,13.7
USW00053152,648566,nan,9.4
USW00053152,648704,nan,15.0
USW00053152,648764,nan,16.1
USW00053152,648857,nan,15.05
USW00053152,648969,nan,14.8
USW00053152,649055,nan,15.9
USW00053152,649181,nan,10.6
USW00053152,649351,nan,11.0
USW00053152,649540,nan,14.15
USW00053152,649736,nan,11.899999999999999
USW00053152,649945,nan,8.45
USW00053152,650142,nan,9.7
USW00053152,650312,nan,8.3
USW00053152,650507,nan,8.45
USW00053152,650702,nan,13.05
USW00053152,650829,nan,10.149999999999999
USW00053152,651044,nan,7.05
USW00053152,651231,nan,5.4
USW00053152,651422,nan,9.6
USW00053152,651537,nan,12.45
USW00053152,651668,nan,12.149999999999999
USW00053152,651846,nan,9.3
USW00053152,652055,nan,3.0
USW00053152,652242,nan,2.55
USW00053152,652434,nan,4.5
USW00053152,652583,nan,10.4
USW00053152,652716,nan,11.8
USW00053152,652872,nan,7.9
USW00053152,653045,nan,10.0
USW00053152,653209,nan,11.6
USW00053152,653396,nan,5.35
USW00053152,653584,nan,6.15
USW00053152,653768,nan,3.3
USW00053152,653982,nan,7.05
USW00053175,655458,nan,14.0
USW00053175,663098,nan,23.0
USW00093104,667232,nan,18.65
USW00093104,667234,nan,17.0
USW00093104,667236,nan,15.0
USW00093104,667240,nan,12.0
USW00093104,667262,nan,1.5
USW00093104,667270,nan,8.0
USW00093104,667272,nan,10.5
USW00093104,667274,nan,12.5
USW00093104,667276,nan,13.5
USW00093104,667278,nan,15.0
USW00093104,667280,nan,16.5
USW00093104,667282,nan,17.0
USW00093104,667302,nan,0.0
USW00093104,667304,nan,0.5
USW00093104,667306,nan,3.0
USW00093104,667308,nan,8.0
USW00093104,667310,nan,14.0
USW00093104,667312,nan,16.5
USW00093104,667314,nan,17.5
USW00093104,667316,nan,18.5
USW00093104,667318,nan,21.0
USW00093104,667320,nan,22.5
USW00093104,667322,nan,22.0
USW00093104,667344,nan,-0.5
USW00093104,667346,nan,0.0
USW00093104,667348,nan,2.5
USW00093104,667350,nan,7.5
USW00093104,667352,nan,14.0
USW00093104,667354,nan,19.5
USW00093104,667356,nan,23.0
USW00093104,667358,nan,24.0
USW00093104,667363,nan,25.0
USW00093104,667432,nan,12.6
USW00093104,667435,nan,11.0
USW00093104,667437,nan,12.0
USW00093104,667445,nan,23.0
USW00093104,667447,nan,23.5
USW00093104,667449,nan,23.5
USW00093104,667451,nan,22.05
USW00093104,667470,nan,10.5
USW00093104,667472,nan,11.0
USW00093104,667474,nan,11.0
USW00093104,667476,nan,12.0
USW00093104,667478,nan,15.5
USW00093104,667480,nan,18.5
USW00093104,667482,nan,20.0
USW00093104,667484,nan,21.5
USW00093104,667486,nan,22.5
USW00093104,667488,nan,23.0
USW00093104,667490,nan,22.5
USW00093104,667492,nan,22.0
USW00093104,667504,nan,13.1
USW00093104,667525,nan,25.0
USW00093104,667527,nan,25.0
USW00093104,667529,nan,24.5
USW00093104,668897,nan,19.0
USW00093104,668901,nan,21.0
USW00093104,668903,nan,20.0
USW00093104,669175,nan,28.9
USW00093107,681020,nan,10.0
USW00093107,683977,nan,16.0
USW00093107,684569,nan,12.8
USW00093107,692578,nan,21.85
USW00093107,693029,nan,20.549999999999997
USW00093107,693833,nan,19.0
USW00093107,696868,nan,11.9
USW00093107,696916,nan,12.1
USW00093107,696919,nan,12.2
USW00093107,696921,nan,13.4
USW00093107,696923,nan,16.1
USW00093107,696954,nan,11.05
USW00093107,697017,nan,13.0
USW00093107,697019,nan,13.5
USW00093107,697610,nan,13.5
USW00093107,697613,nan,14.0
USW00093111,712163,nan,14.5
USW00093111,712239,nan,17.75
USW00093111,712241,nan,17.45
USW00093111,712715,nan,17.5
USW00093111,712721,nan,17.6
USW00093111,712750,nan,18.05
USW00093111,712775,nan,15.1
USW00093111,712789,nan,15.6
USW00093111,712819,nan,13.45
USW00093111,715670,nan,16.5
USW00093111,715725,nan,16.85
USW00093111,717980,nan,17.4
USW00093111,718007,nan,16.75
USW00093111,718013,nan,13.05
USW00093111,718122,nan,15.45
USW00093115,730380,nan,7.5
USW00093116,747157,nan,10.4
USW00093116,747294,nan,18.25
USW00093116,747366,nan,10.9
USW00093116,747469,nan,14.2
USW00093116,747496,nan,11.75
USW00093116,747517,nan,11.75
USW00093116,747699,nan,11.85
USW00093116,747725,nan,14.7
USW00093116,747770,nan,10.95
USW00093116,747875,nan,11.55
USW00093116,747900,nan,12.85
USW00093116,747963,nan,13.5
USW00093116,748071,nan,17.85
USW00093116,748449,nan,16.05
USW00093116,748477,nan,18.35
USW00093116,748765,nan,14.7
USW00093116,749079,nan,14.15
USW00093116,749103,nan,14.75
USW00093116,749530,nan,11.85
USW00093116,749655,nan,15.3
USW00093116,749755,nan,14.0
USW00093116,749764,nan,16.85
USW00093116,749781,nan,12.6
USW00093116,749860,nan,11.1
USW00093116,750216,nan,17.8
USW00093116,750312,nan,14.7
USW00093116,750383,nan,15.2
USW00093116,750678,nan,20.05
USW00093116,750682,nan,21.5
USW00093116,750729,nan,16.5
USW00093116,750752,nan,15.7
USW00093116,750755,nan,15.9
USW00093116,750865,nan,16.1
USW00093116,751034,nan,17.85
USW00093116,751132,nan,18.049999999999997
USW00093116,751134,nan,18.35
USW00093116,751254,nan,17.6
USW00093116,751334,nan,25.05
USW00093116,751428,nan,19.75
USW00093116,751549,nan,16.7
USW00093116,751563,nan,21.6
USW00093116,751633,nan,24.1
USW00093116,751652,nan,17.75
USW00093116,752064,nan,25.6
USW00093116,752084,nan,24.35
USW00093116,752089,nan,23.5
USW00093116,752186,nan,21.05
USW00093116,752190,nan,21.9
USW00093116,752211,nan,17.0
USW00093116,752726,nan,27.5
USW00093116,752748,nan,37.55
USW00093121,762551,nan,10.0
USW00093121,764433,nan,19.75
USW00093134,775371,nan,-20.0
USW00093134,777218,nan,36.400000000000006
USW00093134,777619,nan,33.05
USW00093134,777644,nan,33.599999999999994
USW00093134,777668,nan,32.75
USW00093134,778009,nan,32.25
USW00093134,778011,nan,31.099999999999998
USW00093138,801862,nan,15.55
USW00093144,804282,nan,9.0
USW00093144,805806,nan,12.5
USW00093144,805808,nan,12.5
USW00093144,805811,nan,13.0
USW00093144,805816,nan,11.0
USW00093144,806463,nan,11.0
USW00093144,806465,nan,10.5
USW00093144,806562,nan,14.0
USW00093144,806607,nan,21.0
USW00093144,806612,nan,17.5
USW00093144,806638,nan,11.5
USW00093144,806650,nan,16.0
USW00093144,806652,nan,16.0
USW00093144,807597,nan,25.5
USW00093144,814662,nan,32.0
USW00093144,817580,nan,17.0
USW00093144,817610,nan,11.0
USW00093144,817652,nan,13.0
USW00093144,818204,nan,21.0
USW00093184,826013,nan,18.9
USW00093193,839430,nan,13.5
USW00093193,839912,nan,9.5
USW00093193,840034,nan,7.0
USW00093193,840039,nan,8.5
USW00093193,840067,nan,7.0
USW00093193,840069,nan,6.5
USW00093193,840074,nan,7.0
USW00093193,840165,nan,7.4
USW00093193,840341,nan,14.5
USW00093193,840554,nan,9.0
USW00093193,840560,nan,8.0
USW00093193,840563,nan,8.5
USW00093193,840613,nan,6.5
USW00093193,840627,nan,7.5
USW00093193,840682,nan,6.05
USW00093193,840686,nan,5.0
USW00093193,840986,nan,10.5
USW00093193,841027,nan,8.5
USW00093193,841068,nan,7.5
USW00093197,849974,nan,18.15
USW00093197,852616,nan,16.4
USW00093201,865524,nan,-1.5
USW00093203,868534,nan,15.5
USW00093203,869404,nan,6.5
USW00093203,872745,nan,21.5
USW00093203,873318,nan,28.5
USW00093205,884173,nan,6.8
USW00093205,887018,nan,35.0
USW00093205,889421,nan,27.5
USW00093206,895581,nan,13.1
USW00093206,898462,nan,26.95
USW00093206,905071,nan,33.65
USW00093210,922584,nan,21.950000000000003
USW00093210,924102,nan,23.6
USW00093210,924942,nan,27.8
USW00093210,927017,nan,21.4
USW00093210,927808,nan,12.8
USW00093210,927960,nan,13.05
USW00093214,936979,nan,12.6
USW00093214,937349,nan,12.1
USW00093214,937390,nan,11.05
USW00093214,946106,nan,11.0
USW00093216,949928,nan,12.0
USW00093216,949930,nan,12.0
USW00093216,950400,nan,12.5
USW00093225,964130,nan,5.3
USW00093225,964427,nan,14.15
USW00093225,964535,nan,6.1
USW00093225,965867,nan,13.95
USW00093225,970832,nan,10.0
USW00093225,971605,nan,11.35
USW00093225,972073,nan,5.0
USW00093225,972075,nan,5.5
USW00093225,972105,nan,5.0
USW00093225,972497,nan,5.55
USW00093227,973260,nan,15.8
USW00093227,978695,nan,21.65
USW00093227,981202,nan,18.9
USW00093230,997136,nan,11.649999999999999
USW00093230,999208,nan,23.35
USW00093231,1010096,nan,19.0
USW00093232,1015172,nan,9.0
USW00093232,1015276,nan,8.5
USW00093232,1015365,nan,13.5
USW00093232,1015568,nan,10.0
USW00093232,1019015,nan,14.0
USW00093232,1019032,nan,14.5
USW00093232,1019049,nan,16.0
USW00093232,1019091,nan,9.0
USW00093232,1019110,nan,8.0
USW00093232,1019127,nan,6.5
USW00093232,1019146,nan,7.0
USW00093232,1019447,nan,16.0
USW00093232,1019515,nan,12.5
USW00093232,1019717,nan,9.5
USW00093232,1019849,nan,9.5
USW00093232,1019864,nan,8.0
USW00093232,1019897,nan,8.0
USW00093232,1019930,nan,8.5
USW00093232,1019948,nan,4.0
USW00093232,1019967,nan,3.0
USW00093241,1022249,nan,10.85
USW00093241,1024576,nan,29.15
USW00093241,1026427,nan,28.35
USW00093241,1028809,nan,11.95
USW00093242,1030981,nan,13.9
USW00093242,1034225,nan,22.75
USW00093242,1035142,nan,28.35
USW00093242,1037393,nan,19.7
USW00093243,1039147,nan,0.30000000000000004
USW00093243,1039332,nan,0.8
USW00093243,1039541,nan,2.2
USW00093243,1039742,nan,3.7
USW00093243,1039935,nan,4.05
USW00093243,1040161,nan,3.25
USW00093243,1040389,nan,4.8
USW00093243,1040607,nan,1.85
USW00093243,1040822,nan,2.15
USW00093243,1041054,nan,2.0999999999999996
USW00093243,1041290,nan,1.35
USW00093243,1041526,nan,1.0
USW00093243,1041745,nan,1.35
USW00093243,1041952,nan,1.1
USW00093243,1042183,nan,0.75
USW00093243,1042407,nan,3.25
USW00093243,1042635,nan,-2.9
USW00093243,1042855,nan,-0.6
USW00093243,1043072,nan,-1.4
USW00093243,1043246,nan,8.45
USW00093243,1043384,nan,11.649999999999999
USW00093243,1043572,nan,3.95
USW00093243,1043585,nan,1.65
USW00093243,1043737,nan,9.7
USW00093243,1043894,nan,4.55
USW00093243,1044091,nan,4.75
USW00093243,1044187,nan,9.75
USW00093243,1044292,nan,3.25
USW00093243,1044391,nan,11.55
USW00093243,1044502,nan,10.8
USW00093243,1044685,nan,5.5
USW00093243,1044902,nan,4.45
USW00093243,1045134,nan,2.6500000000000004
USW00093243,1045344,nan,8.2
USW00093243,1045546,nan,5.7
USW00093243,1045766,nan,8.05
USW00093243,1045941,nan,5.449999999999999
USW00093243,1045983,nan,0.30000000000000004
USW00093243,1046090,nan,9.1
USW00093243,1046197,nan,3.1500000000000004
USW00093243,1046235,nan,2.3
USW00093243,1046417,nan,3.65
USW00093243,1046642,nan,6.5
USW00093243,1046867,nan,11.05
USW00093243,1047039,nan,8.899999999999999
USW00093243,1047244,nan,7.95
USW00093243,1047444,nan,6.949999999999999
USW00093243,1047537,nan,11.65
USW00093243,1047676,nan,9.55
USW00093243,1047881,nan,7.5
USW00093243,1047967,nan,9.350000000000001
USW00093243,1048101,nan,9.850000000000001
USW00093243,1048285,nan,1.5
USW00093243,1048489,nan,8.35
USW00093243,1048693,nan,7.75
USW00093243,1048912,nan,4.55
USW00093243,1049131,nan,5.15
USW00093243,1049356,nan,6.3
USW00093243,1049587,nan,3.85
USW00093243,1049783,nan,5.85
USW00093243,1049999,nan,6.3
USW00093243,1050215,nan,7.75
USW00093243,1050438,nan,8.5
USW00093243,1050659,nan,8.35
USW00093243,1050880,nan,9.0
USW00093243,1051077,nan,6.1
USW00093243,1051294,nan,5.0
USW00093243,1051479,nan,9.05
USW00093243,1051656,nan,4.35
USW00093243,1051874,nan,4.949999999999999
USW00093243,1052068,nan,3.6999999999999997
USW00093243,1052290,nan,5.449999999999999
USW00093243,1052512,nan,8.0
USW00093243,1052735,nan,10.55
USW00093243,1052949,nan,4.0
USW00093243,1053155,nan,1.75
USW00093243,1053369,nan,4.6
USW00093243,1053603,nan,6.4
USW00093243,1053830,nan,5.5
USW00093243,1054056,nan,5.9
USW00093243,1054270,nan,11.600000000000001
USW00093243,1054459,nan,11.649999999999999
USW00093243,1054610,nan,14.0
USW00093243,1054788,nan,13.35
USW00093243,1054937,nan,9.8
USW00093243,1055091,nan,5.85
USW00093243,1055295,nan,4.199999999999999
USW00093243,1055500,nan,7.4
USW00093243,1055669,nan,12.15
USW00093243,1055701,nan,7.2
USW00093243,1055925,nan,11.5
USW00093243,1056131,nan,9.55
USW00093243,1056351,nan,9.55
USW00093243,1056533,nan,7.85
USW00093243,1056705,nan,8.85
USW00093243,1056917,nan,9.75
USW00093243,1057097,nan,12.8
USW00093243,1057284,nan,8.6
USW00093243,1057487,nan,12.2
USW00093243,1057683,nan,11.5
USW00093243,1057888,nan,8.399999999999999
USW00093243,1058091,nan,5.95
USW00093243,1058307,nan,9.350000000000001
USW00093243,1058521,nan,13.350000000000001
USW00093243,1058747,nan,3.2
USW00093243,1058967,nan,2.7
USW00093243,1059202,nan,3.4
USW00093243,1059431,nan,6.550000000000001
USW00093243,1059675,nan,5.8
USW00093243,1059893,nan,11.85
USW00093243,1060105,nan,10.149999999999999
USW00093243,1060290,nan,8.45
USW00093243,1060468,nan,11.649999999999999
USW00093243,1060642,nan,8.45
USW00093243,1060832,nan,7.95
USW00093243,1061045,nan,10.75
USW00093243,1061281,nan,10.2
USW00093243,1061288,nan,9.3
USW00093243,1061507,nan,9.35
USW00093243,1061719,nan,9.4
USW00093243,1061919,nan,14.899999999999999
USW00093243,1062139,nan,15.0
USW00093243,1062360,nan,18.950000000000003
USW00093243,1062575,nan,16.15
USW00093243,1062782,nan,10.8
USW00093243,1062990,nan,15.45
USW00093243,1063180,nan,14.75
USW00093243,1063378,nan,4.5
USW00093243,1063600,nan,9.45
USW00093243,1063813,nan,13.149999999999999
USW00093243,1064035,nan,13.35
USW00093243,1064259,nan,13.7
USW00093243,1064496,nan,7.949999999999999
USW00093243,1064727,nan,9.55
USW00093243,1064940,nan,11.100000000000001
USW00093243,1065169,nan,8.350000000000001
USW00093243,1065388,nan,11.75
USW00093243,1065613,nan,12.25
USW00093243,1065854,nan,13.8
USW00093243,1066086,nan,13.05
USW00093243,1066338,nan,13.05
USW00093243,1066561,nan,11.8
USW00093243,1066783,nan,15.15
USW00093243,1067009,nan,15.7
USW00093243,1067232,nan,10.1
USW00093243,1067460,nan,9.65
USW00093243,1067683,nan,12.649999999999999
USW00093243,1067915,nan,13.600000000000001
USW00093243,1068145,nan,11.55
USW00093243,1068366,nan,11.3
USW00093243,1068588,nan,14.75
USW00093243,1068813,nan,15.149999999999999
USW00093243,1069041,nan,16.85
USW00093243,1069279,nan,14.2
USW00093243,1069487,nan,12.45
USW00093243,1069715,nan,9.85
USW00093243,1069928,nan,9.3
USW00093243,1070133,nan,9.8
USW00093243,1070358,nan,12.3
USW00093243,1070583,nan,9.55
USW00093243,1070801,nan,14.95
USW00093243,1071030,nan,15.3
USW00093243,1071254,nan,18.75
USW00093243,1071473,nan,16.5
USW00093243,1071702,nan,15.2
USW00093243,1071938,nan,14.600000000000001
USW00093243,1072165,nan,8.0
USW00093243,1072388,nan,8.8
USW00093243,1072597,nan,10.55
USW00093243,1072828,nan,15.55
USW00093243,1073066,nan,10.7
USW00093243,1073282,nan,21.5
USW00093243,1073492,nan,14.7
USW00093243,1073721,nan,16.15
USW00093243,1073948,nan,18.45
USW00093243,1074172,nan,17.5
USW00093243,1074383,nan,16.75
USW00093243,1074594,nan,18.5
USW00093243,1074823,nan,20.35
USW00093243,1075066,nan,18.3
USW00093243,1075296,nan,17.0
USW00093243,1075519,nan,16.5
USW00093243,1075734,nan,18.15
USW00093243,1075964,nan,9.6
USW00093243,1076194,nan,13.65
USW00093243,1076419,nan,11.9
USW00093243,1076636,nan,11.5
USW00093243,1076851,nan,11.149999999999999
USW00093243,1077071,nan,13.1
USW00093243,1077306,nan,15.850000000000001
USW00093243,1077534,nan,14.45
USW00093243,1077755,nan,14.0
USW00093243,1077990,nan,18.6
USW00093243,1078217,nan,15.1
USW00093243,1078442,nan,16.9
USW00093243,1078669,nan,17.9
USW00093243,1078907,nan,18.25
USW00093243,1079124,nan,13.6
USW00093243,1079364,nan,16.85
USW00093243,1079586,nan,19.5
USW00093243,1079816,nan,16.5
USW00093243,1080053,nan,18.25
USW00093243,1080276,nan,19.200000000000003
USW00093243,1080498,nan,24.0
USW00093243,1080726,nan,20.65
USW00093243,1080946,nan,12.75
USW00093243,1081164,nan,14.75
USW00093243,1081385,nan,17.35
USW00093243,1081615,nan,12.25
USW00093243,1081834,nan,11.850000000000001
USW00093243,1082041,nan,18.75
USW00093243,1082243,nan,17.05
USW00093243,1082450,nan,18.3
USW00093243,1082673,nan,19.0
USW00093243,1082889,nan,23.35
USW00093243,1083113,nan,15.55
USW00093243,1083328,nan,16.4
USW00093243,1083558,nan,14.149999999999999
USW00093243,1083775,nan,13.45
USW00093243,1083992,nan,13.0
USW00093243,1084209,nan,15.45
USW00093243,1084437,nan,15.7
USW00093243,1084666,nan,18.0
USW00093243,1084892,nan,18.7
USW00093243,1085110,nan,20.95
USW00093243,1085343,nan,19.85
USW00093243,1085567,nan,20.5
USW00093243,1085785,nan,14.9
USW00093243,1086009,nan,14.6
USW00093243,1086230,nan,17.0
USW00093243,1086459,nan,15.8
USW00093243,1086685,nan,19.450000000000003
USW00093243,1086903,nan,21.200000000000003
USW00093243,1087129,nan,20.049999999999997
USW00093243,1087350,nan,24.0
USW00093243,1087575,nan,21.950000000000003
USW00093243,1087800,nan,21.35
USW00093243,1088008,nan,19.65
USW00093243,1088217,nan,17.1
USW00093243,1088438,nan,18.35
USW00093243,1088658,nan,20.6
USW00093243,1088888,nan,17.05
USW00093243,1089125,nan,15.5
USW00093243,1089351,nan,17.15
USW00093243,1089579,nan,16.4
USW00093243,1089804,nan,14.0
USW00093243,1090029,nan,17.6
USW00093243,1090237,nan,15.5
USW00093243,1090468,nan,13.8
USW00093243,1090688,nan,10.1
USW00093243,1090909,nan,15.149999999999999
USW00093243,1091145,nan,15.149999999999999
USW00093243,1091370,nan,17.4
USW00093243,1091595,nan,14.2
USW00093243,1091824,nan,8.850000000000001
USW00093243,1092045,nan,12.15
USW00093243,1092272,nan,14.350000000000001
USW00093243,1092498,nan,15.850000000000001
USW00093243,1092731,nan,15.2
USW00093243,1092942,nan,16.4
USW00093243,1093166,nan,14.850000000000001
USW00093243,1093367,nan,18.15
USW00093243,1093582,nan,15.7
USW00093243,1093803,nan,14.45
USW00093243,1094027,nan,14.0
USW00093243,1094255,nan,15.9
USW00093243,1094474,nan,17.3
USW00093243,1094685,nan,18.85
USW00093243,1094917,nan,15.850000000000001
USW00093243,1095142,nan,16.55
USW00093243,1095362,nan,15.7
USW00093243,1095586,nan,12.75
USW00093243,1095804,nan,12.2
USW00093243,1096020,nan,11.8
USW00093243,1096232,nan,11.95
USW00093243,1096452,nan,17.4
USW00093243,1096678,nan,16.55
USW00093243,1096924,nan,19.450000000000003
USW00093243,1097163,nan,12.45
USW00093243,1097329,nan,14.7
USW00093243,1097564,nan,16.05
USW00093243,1097796,nan,19.25
USW00093243,1098026,nan,14.25
USW00093243,1098243,nan,17.5
USW00093243,1098468,nan,15.55
USW00093243,1098699,nan,17.2
USW00093243,1098934,nan,17.299999999999997
USW00093243,1099158,nan,17.65
USW00093243,1099390,nan,13.15
USW00093243,1099598,nan,12.0
USW00093243,1099812,nan,12.850000000000001
USW00093243,1100039,nan,10.45
USW00093243,1100266,nan,10.95
USW00093243,1100478,nan,11.7
USW00093243,1100704,nan,12.45
USW00093243,1100894,nan,13.45
USW00093243,1101075,nan,8.95
USW00093243,1101282,nan,11.149999999999999
USW00093243,1101498,nan,15.1
USW00093243,1101715,nan,14.4
USW00093243,1101952,nan,15.5
USW00093243,1102160,nan,13.05
USW00093243,1102376,nan,16.4
USW00093243,1102575,nan,14.15
USW00093243,1102648,nan,14.05
USW00093243,1102792,nan,12.100000000000001
USW00093243,1103016,nan,11.95
USW00093243,1103199,nan,10.75
USW00093243,1103406,nan,6.55
USW00093243,1103617,nan,11.05
USW00093243,1103787,nan,12.2
USW00093243,1103995,nan,8.25
USW00093243,1104212,nan,9.95
USW00093243,1104437,nan,11.35
USW00093243,1104637,nan,12.2
USW00093243,1104852,nan,11.3
USW00093243,1105045,nan,15.2
USW00093243,1105209,nan,9.2
USW00093243,1105295,nan,12.9
USW00093243,1105433,nan,9.4
USW00093243,1105519,nan,12.65
USW00093243,1105658,nan,8.95
USW00093243,1105879,nan,10.7
USW00093243,1106090,nan,10.350000000000001
USW00093243,1106284,nan,11.05
USW00093243,1106491,nan,13.850000000000001
USW00093243,1106688,nan,6.050000000000001
USW00093243,1106890,nan,3.7
USW00093243,1107110,nan,1.1
USW00093243,1107338,nan,2.45
USW00093243,1107558,nan,4.6
USW00093243,1107772,nan,4.75
USW00093243,1107984,nan,4.7
USW00093243,1108200,nan,10.0
USW00093243,1108373,nan,13.0
USW00093243,1108540,nan,11.95
USW00093243,1108723,nan,6.65
USW00093243,1108933,nan,7.8999999999999995
USW00093243,1109139,nan,10.149999999999999
USW00093243,1109333,nan,7.35
USW00093243,1109552,nan,5.6
USW00093243,1109761,nan,5.75
USW00093243,1109982,nan,5.0
USW00093243,1110199,nan,3.3499999999999996
USW00093243,1110418,nan,4.85
USW00093243,1110624,nan,10.7
USW00093243,1110795,nan,10.7
USW00093243,1110936,nan,16.65
USW00093243,1111060,nan,10.95
USW00093243,1111184,nan,15.149999999999999
USW00093243,1111327,nan,9.5
USW00093243,1111515,nan,10.350000000000001
USW00093243,1111691,nan,12.9
USW00093243,1111788,nan,13.1
USW00093243,1111920,nan,9.45
USW00093243,1112120,nan,2.75
USW00093243,1112311,nan,4.2
USW00093243,1112372,nan,7.5
USW00093243,1112495,nan,4.1
USW00093243,1112693,nan,3.75
USW00093243,1112895,nan,6.15
USW00093243,1113071,nan,4.4
USW00093243,1113280,nan,1.15
USW00093243,1113477,nan,3.7
USW00093243,1113650,nan,6.25
USW00093243,1113794,nan,9.850000000000001
USW00093243,1113938,nan,8.65
USW00093243,1114145,nan,2.5
USW00093243,1114363,nan,-0.44999999999999996
USW00093243,1114593,nan,0.95
USW00093243,1114781,nan,9.5
USW00093243,1114918,nan,7.15
USW00093243,1115037,nan,9.6
USW00093243,1115122,nan,9.75
USW00093243,1115233,nan,4.15
USW00093243,1115351,nan,8.25
USW00093243,1115534,nan,6.4
USW00093243,1115736,nan,1.25
USW00093243,1115901,nan,5.4
USW00093243,1116050,nan,3.8
USW00093243,1116264,nan,4.9
USW00093244,1126958,nan,20.0
USW00093245,1136507,nan,7.95
USW00093245,1136673,nan,9.75
USW00093245,1136794,nan,10.45
USW00093245,1136935,nan,8.100000000000001
USW00093245,1137110,nan,10.649999999999999
USW00093245,1137247,nan,9.5
USW00093245,1137426,nan,6.550000000000001
USW00093245,1137604,nan,9.0
USW00093245,1137827,nan,7.55
USW00093245,1138059,nan,7.85
USW00093245,1138271,nan,6.4
USW00093245,1138462,nan,6.1
USW00093245,1138644,nan,6.300000000000001
USW00093245,1138849,nan,11.35
USW00093245,1139030,nan,6.7
USW00093245,1139174,nan,6.25
USW00093245,1139294,nan,5.9
USW00093245,1139471,nan,4.05
USW00093245,1139627,nan,7.85
USW00093245,1139710,nan,10.350000000000001
USW00093245,1139794,nan,10.9
USW00093245,1139943,nan,6.9
USW00093245,1140037,nan,10.95
USW00093245,1140147,nan,8.3
USW00093245,1140284,nan,10.7
USW00093245,1140394,nan,11.4
USW00093245,1140495,nan,8.649999999999999
USW00093245,1140669,nan,7.65
USW00093245,1140868,nan,8.2
USW00093245,1141047,nan,10.05
USW00093245,1141173,nan,9.4
USW00093245,1141331,nan,9.4
USW00093245,1141451,nan,8.3
USW00093245,1141637,nan,8.399999999999999
USW00093245,1141822,nan,6.75
USW00093245,1142027,nan,9.4
USW00093245,1142221,nan,13.55
USW00093245,1142402,nan,9.850000000000001
USW00093245,1142485,nan,9.15
USW00093245,1142661,nan,8.7
USW00093245,1142855,nan,8.35
USW00093245,1142982,nan,10.8
USW00093245,1143091,nan,8.8
USW00093245,1143266,nan,8.4
USW00093245,1143410,nan,8.2
USW00093245,1143540,nan,7.8
USW00093245,1143691,nan,8.1
USW00093245,1143892,nan,6.6
USW00093245,1144039,nan,9.8
USW00093245,1144157,nan,7.35
USW00093245,1144290,nan,8.1
USW00093245,1144422,nan,8.6
USW00093245,1144579,nan,8.4
USW00093245,1144663,nan,11.55
USW00093245,1144724,nan,9.75
USW00093245,1144857,nan,8.6
USW00093245,1145030,nan,9.1
USW00093245,1145143,nan,7.0
USW00093245,1145319,nan,3.15
USW00093245,1145476,nan,6.6
USW00093245,1145598,nan,9.3
USW00093245,1145744,nan,7.199999999999999
USW00093245,1145866,nan,7.3
USW00093245,1146053,nan,6.45
USW00093245,1146248,nan,7.25
USW00093245,1146430,nan,7.0
USW00093245,1146553,nan,8.7
USW00093245,1146670,nan,6.55
USW00093245,1146855,nan,5.6
USW00093245,1146920,nan,7.8
USW00093245,1147038,nan,6.800000000000001
USW00093245,1147183,nan,7.65
USW00093245,1147307,nan,8.2
USW00093245,1147446,nan,6.949999999999999
USW00093245,1147595,nan,10.2
USW00093245,1147672,nan,10.350000000000001
USW00093245,1147764,nan,10.75
USW00093245,1147865,nan,10.6
USW00093245,1147952,nan,8.0
USW00093245,1148117,nan,7.4
USW00093245,1148253,nan,6.35
USW00093245,1148410,nan,8.2
USW00093245,1148542,nan,9.850000000000001
USW00093245,1148660,nan,10.649999999999999
USW00093245,1148789,nan,6.7
USW00093245,1148943,nan,10.2
USW00093245,1149057,nan,5.9
USW00093245,1149196,nan,7.3
USW00093245,1149326,nan,10.05
USW00093245,1149386,nan,10.850000000000001
USW00093245,1149532,nan,10.0
USW00093245,1149638,nan,11.149999999999999
USW00093245,1149725,nan,11.8
USW00093245,1149857,nan,8.8
USW00093245,1149978,nan,8.8
USW00093245,1150133,nan,9.5
USW00093245,1150267,nan,9.1
USW00093245,1150409,nan,6.6
USW00093245,1150532,nan,7.15
USW00093245,1150723,nan,3.7
USW00093245,1150900,nan,6.95
USW00093245,1151100,nan,7.95
USW00093245,1151263,nan,10.3
USW00093245,1151351,nan,9.75
USW00093245,1151475,nan,11.350000000000001
USW00093245,1151622,nan,9.95
USW00093245,1151746,nan,8.75
USW00093245,1151867,nan,9.4
USW00093245,1152011,nan,9.55
USW00093245,1152164,nan,10.5
USW00093245,1152295,nan,9.6
USW00093245,1152423,nan,10.649999999999999
USW00093245,1152543,nan,10.2
USW00093245,1152674,nan,10.0
USW00093245,1152731,nan,12.05
USW00093245,1152828,nan,9.0
USW00093245,1152931,nan,11.2
USW00093245,1153036,nan,12.149999999999999
USW00093245,1153164,nan,12.6
USW00093245,1153301,nan,11.95
USW00093245,1153426,nan,10.1
USW00093245,1153536,nan,10.0
USW00093245,1153643,nan,9.4
USW00093245,1153786,nan,9.1
USW00093245,1153915,nan,9.1
USW00093245,1154032,nan,8.4
USW00093245,1154162,nan,8.55
USW00093245,1154283,nan,9.2
USW00093245,1154391,nan,8.5
USW00093245,1154535,nan,9.0
USW00093245,1154715,nan,8.7
USW00093245,1154883,nan,9.2
USW00093245,1154941,nan,11.85
USW00093245,1154949,nan,11.600000000000001
USW00093245,1155030,nan,9.05
USW00093245,1155172,nan,9.1
USW00093245,1155325,nan,8.75
USW00093245,1155516,nan,8.6
USW00093245,1155636,nan,9.1
USW00093245,1155777,nan,10.7
USW00093245,1155924,nan,9.3
USW00093245,1156033,nan,10.149999999999999
USW00093245,1156147,nan,9.45
USW00093245,1156261,nan,9.3
USW00093245,1156384,nan,8.7
USW00093245,1156529,nan,9.6
USW00093245,1156668,nan,9.25
USW00093245,1156789,nan,10.55
USW00093245,1156905,nan,10.350000000000001
USW00093245,1157006,nan,9.8
USW00093245,1157116,nan,8.7
USW00093245,1157247,nan,8.45
USW00093245,1157367,nan,8.8
USW00093245,1157509,nan,9.25
USW00093245,1157641,nan,8.45
USW00093245,1157798,nan,9.0
USW00093245,1157957,nan,8.75
USW00093245,1158124,nan,9.1
USW00093245,1158266,nan,10.3
USW00093245,1158385,nan,9.6
USW00093245,1158536,nan,11.0
USW00093245,1158689,nan,9.0
USW00093245,1158821,nan,9.25
USW00093245,1158950,nan,9.2
USW00093245,1159095,nan,9.350000000000001
USW00093245,1159220,nan,9.649999999999999
USW00093245,1159355,nan,8.55
USW00093245,1159524,nan,9.65
USW00093245,1159688,nan,9.5
USW00093245,1159819,nan,9.350000000000001
USW00093245,1159943,nan,9.3
USW00093245,1160058,nan,9.4
USW00093245,1160202,nan,9.75
USW00093245,1160377,nan,10.0
USW00093245,1160537,nan,10.25
USW00093245,1160693,nan,9.55
USW00093245,1160876,nan,10.2
USW00093245,1161050,nan,10.45
USW00093245,1161163,nan,10.2
USW00093245,1161271,nan,10.05
USW00093245,1161334,nan,13.75
USW00093245,1161429,nan,11.05
USW00093245,1161592,nan,11.4
USW00093245,1161766,nan,12.2
USW00093245,1161928,nan,11.5
USW00093245,1162091,nan,11.0
USW00093245,1162240,nan,11.149999999999999
USW00093245,1162380,nan,11.75
USW00093245,1162511,nan,12.95
USW00093245,1162644,nan,11.2
USW00093245,1162778,nan,10.3
USW00093245,1162927,nan,9.4
USW00093245,1163009,nan,14.4
USW00093245,1163100,nan,9.1
USW00093245,1163257,nan,10.5
USW00093245,1163402,nan,9.05
USW00093245,1163468,nan,11.45
USW00093245,1163471,nan,11.75
USW00093245,1163547,nan,9.350000000000001
USW00093245,1163680,nan,10.6
USW00093245,1163805,nan,9.7
USW00093245,1163944,nan,9.6
USW00093245,1164086,nan,10.3
USW00093245,1164219,nan,10.2
USW00093245,1164360,nan,11.0
USW00093245,1164496,nan,9.95
USW00093245,1164622,nan,10.5
USW00093245,1164733,nan,11.4
USW00093245,1164866,nan,11.35
USW00093245,1165038,nan,11.149999999999999
USW00093245,1165174,nan,12.649999999999999
USW00093245,1165226,nan,14.0
USW00093245,1165228,nan,14.5
USW00093245,1165330,nan,11.4
USW00093245,1165495,nan,10.6
USW00093245,1165552,nan,13.8
USW00093245,1165655,nan,11.7
USW00093245,1165786,nan,12.75
USW00093245,1165905,nan,12.8
USW00093245,1166025,nan,11.4
USW00093245,1166159,nan,10.850000000000001
USW00093245,1166281,nan,11.9
USW00093245,1166404,nan,11.8
USW00093245,1166536,nan,10.55
USW00093245,1166599,nan,12.850000000000001
USW00093245,1166610,nan,14.5
USW00093245,1166696,nan,11.0
USW00093245,1166884,nan,10.8
USW00093245,1167029,nan,10.649999999999999
USW00093245,1167161,nan,10.9
USW00093245,1167289,nan,9.45
USW00093245,1167404,nan,12.6
USW00093245,1167507,nan,13.4
USW00093245,1167644,nan,11.8
USW00093245,1167812,nan,11.45
USW00093245,1167969,nan,9.649999999999999
USW00093245,1168050,nan,13.15
USW00093245,1168052,nan,14.350000000000001
USW00093245,1168125,nan,10.75
USW00093245,1168283,nan,10.55
USW00093245,1168420,nan,8.95
USW00093245,1168539,nan,9.4
USW00093245,1168664,nan,9.7
USW00093245,1168786,nan,12.5
USW00093245,1168824,nan,14.4
USW00093245,1168892,nan,12.6
USW00093245,1169003,nan,11.45
USW00093245,1169122,nan,11.55
USW00093245,1169252,nan,10.350000000000001
USW00093245,1169397,nan,10.25
USW00093245,1169455,nan,13.8
USW00093245,1169541,nan,11.05
USW00093245,1169592,nan,12.25
USW00093245,1169669,nan,10.9
USW00093245,1169723,nan,13.05
USW00093245,1169815,nan,10.25
USW00093245,1169868,nan,12.8
USW00093245,1169955,nan,11.149999999999999
USW00093245,1170088,nan,9.9
USW00093245,1170143,nan,12.8
USW00093245,1170213,nan,10.2
USW00093245,1170368,nan,12.2
USW00093245,1170519,nan,11.05
USW00093245,1170682,nan,11.8
USW00093245,1170751,nan,13.4
USW00093245,1170848,nan,11.100000000000001
USW00093245,1170910,nan,12.45
USW00093245,1170973,nan,11.5
USW00093245,1171086,nan,11.4
USW00093245,1171241,nan,10.9
USW00093245,1171395,nan,10.25
USW00093245,1171544,nan,10.649999999999999
USW00093245,1171662,nan,11.55
USW00093245,1171766,nan,11.649999999999999
USW00093245,1171894,nan,11.8
USW00093245,1172033,nan,12.2
USW00093245,1172181,nan,10.95
USW00093245,1172355,nan,11.0
USW00093245,1172427,nan,12.35
USW00093245,1172430,nan,12.399999999999999
USW00093245,1172518,nan,10.9
USW00093245,1172687,nan,11.95
USW00093245,1172817,nan,10.1
USW00093245,1172925,nan,11.45
USW00093245,1173049,nan,11.0
USW00093245,1173187,nan,10.0
USW00093245,1173301,nan,10.55
USW00093245,1173425,nan,10.45
USW00093245,1173574,nan,10.8
USW00093245,1173755,nan,9.7
USW00093245,1173918,nan,11.149999999999999
USW00093245,1174087,nan,10.7
USW00093245,1174279,nan,8.95
USW00093245,1174374,nan,11.2
USW00093245,1174500,nan,10.6
USW00093245,1174626,nan,10.1
USW00093245,1174753,nan,9.7
USW00093245,1174872,nan,9.5
USW00093245,1174994,nan,10.4
USW00093245,1175131,nan,10.4
USW00093245,1175183,nan,11.75
USW00093245,1175185,nan,12.3
USW00093245,1175273,nan,10.25
USW00093245,1175464,nan,12.6
USW00093245,1175653,nan,10.75
USW00093245,1175793,nan,13.7
USW00093245,1175891,nan,13.5
USW00093245,1176042,nan,13.0
USW00093245,1176192,nan,13.0
USW00093245,1176263,nan,13.25
USW00093245,1176333,nan,12.2
USW00093245,1176524,nan,11.75
USW00093245,1176709,nan,11.05
USW00093245,1176837,nan,12.5
USW00093245,1176929,nan,12.0
USW00093245,1177070,nan,11.2
USW00093245,1177232,nan,12.7
USW00093245,1177365,nan,12.850000000000001
USW00093245,1177530,nan,14.100000000000001
USW00093245,1177656,nan,11.7
USW00093245,1177858,nan,13.95
USW00093245,1178065,nan,15.55
USW00093245,1178191,nan,10.850000000000001
USW00093245,1178301,nan,11.0
USW00093245,1178444,nan,11.45
USW00093245,1178588,nan,9.45
USW00093245,1178764,nan,11.149999999999999
USW00093245,1178902,nan,11.4
USW00093245,1179042,nan,10.5
USW00093245,1179188,nan,12.4
USW00093245,1179338,nan,12.149999999999999
USW00093245,1179397,nan,13.2
USW00093245,1179473,nan,11.45
USW00093245,1179619,nan,10.850000000000001
USW00093245,1179745,nan,12.8
USW00093245,1179835,nan,13.3
USW00093245,1179965,nan,11.4
USW00093245,1180142,nan,11.05
USW00093245,1180295,nan,12.149999999999999
USW00093245,1180456,nan,13.2
USW00093245,1180681,nan,16.450000000000003
USW00093245,1180866,nan,12.0
USW00093245,1180959,nan,11.7
USW00093245,1181111,nan,8.5
USW00093245,1181270,nan,7.7
USW00093245,1181447,nan,7.199999999999999
USW00093245,1181643,nan,6.65
USW00093245,1181822,nan,8.3
USW00093245,1182029,nan,11.600000000000001
USW00093245,1182212,nan,13.05
USW00093245,1182389,nan,13.9
USW00093245,1182493,nan,13.05
USW00093245,1182616,nan,10.25
USW00093245,1182779,nan,11.0
USW00093245,1182880,nan,13.6
USW00093245,1182952,nan,13.5
USW00093245,1183092,nan,9.8
USW00093245,1183270,nan,9.05
USW00093245,1183472,nan,9.4
USW00093245,1183630,nan,12.5
USW00093245,1183807,nan,10.45
USW00093245,1183963,nan,10.45
USW00093245,1184062,nan,14.3
USW00093245,1184187,nan,13.649999999999999
USW00093245,1184271,nan,14.4
USW00093245,1184365,nan,13.9
USW00093245,1184454,nan,14.9
USW00093245,1184582,nan,8.5
USW00093245,1184754,nan,11.2
USW00093245,1184860,nan,13.7
USW00093245,1184960,nan,12.3
USW00093245,1185095,nan,9.85
USW00093245,1185264,nan,7.15
USW00093245,1185445,nan,7.949999999999999
USW00093245,1185611,nan,9.75
USW00093245,1185792,nan,9.350000000000001
USW00093245,1185935,nan,10.95
USW00093245,1186082,nan,7.75
USW00093245,1186271,nan,4.300000000000001
USW00093245,1186437,nan,5.75
USW00093245,1186547,nan,6.85
USW00093245,1186645,nan,12.8
USW00093245,1186769,nan,9.3
USW00093245,1186894,nan,7.45
USW00093245,1187088,nan,6.95
USW00093245,1187200,nan,11.4
USW00093245,1187299,nan,12.5
USW00093245,1187424,nan,11.7
USW00093245,1187541,nan,9.95
USW00093245,1187710,nan,6.35
USW00093245,1187836,nan,10.0
USW00093245,1187975,nan,9.2
USW00093245,1188085,nan,6.35
USW00093245,1188194,nan,5.9
USW00093245,1188352,nan,4.75
USW00093245,1188522,nan,5.85
USW00094299,1189288,nan,-1.95
