Station_ID,Index,Original_Temperature,Filled_Temperature
USW00023225,489,nan,2.8
USW00023225,491,nan,2.8
USW00023225,493,nan,2.8
USW00023225,496,nan,3.05
USW00023225,498,nan,3.3
USW00023225,500,nan,3.5999999999999996
USW00023225,503,nan,4.4
USW00023225,505,nan,4.15
USW00023225,507,nan,3.9
USW00023225,532,nan,4.4
USW00023225,534,nan,4.7
USW00023225,536,nan,5.0
USW00023225,538,nan,5.0
USW00023225,540,nan,5.0
USW00023225,542,nan,5.0
USW00023225,544,nan,5.0
USW00023225,547,nan,5.6
USW00023225,549,nan,5.3
USW00023225,553,nan,5.0
USW00023225,555,nan,5.3
USW00023225,557,nan,5.85
USW00023225,559,nan,6.1
USW00023225,561,nan,6.1
USW00023225,563,nan,5.85
USW00023225,565,nan,5.6
USW00023225,597,nan,5.0
USW00023225,599,nan,5.0
USW00023225,601,nan,5.3
USW00023225,603,nan,5.3
USW00023225,605,nan,5.3
USW00023225,665,nan,5.0
USW00023225,667,nan,5.3
USW00023225,669,nan,5.0
USW00023225,671,nan,4.4
USW00023225,673,nan,4.4
USW00023225,693,nan,7.5
USW00023225,695,nan,6.4
USW00023225,784,nan,4.15
USW00023225,786,nan,3.3499999999999996
USW00023225,788,nan,2.8
USW00023225,790,nan,1.4
USW00023225,793,nan,0.3
USW00023225,1056,nan,5.3
USW00023225,1058,nan,4.7
USW00023225,1060,nan,4.4
USW00023225,1062,nan,4.4
USW00023225,1064,nan,4.4
USW00023225,1066,nan,4.4
USW00023225,1068,nan,4.15
USW00023225,1076,nan,4.15
USW00023225,1082,nan,3.9
USW00023225,1084,nan,3.9
USW00023225,1112,nan,3.9
USW00023225,1115,nan,3.05
USW00023225,1136,nan,4.15
USW00023225,1138,nan,3.3499999999999996
USW00023225,1141,nan,3.3
USW00023225,1145,nan,0.8500000000000001
USW00023225,1147,nan,0.0
USW00023225,1150,nan,-1.1
USW00023225,1164,nan,0.3
USW00023225,1166,nan,0.0
USW00023225,1225,nan,0.0
USW00023225,1227,nan,-0.55
USW00023225,1229,nan,-0.8500000000000001
USW00023225,1231,nan,-0.6
USW00023225,1233,nan,-0.8500000000000001
USW00023225,1235,nan,-1.6500000000000001
USW00023225,1237,nan,-2.2
USW00023225,1239,nan,-1.9500000000000002
USW00023225,1241,nan,-1.7
USW00023225,1243,nan,-1.7
USW00023225,1410,nan,-0.25000000000000006
USW00023225,1413,nan,-1.4
USW00023225,1415,nan,-1.1
USW00023225,1417,nan,-0.8500000000000001
USW00023225,1424,nan,-1.7
USW00023225,1426,nan,-1.9500000000000002
USW00023225,1430,nan,-1.7
USW00023225,1439,nan,-0.3
USW00023225,1441,nan,-0.8500000000000001
USW00023225,1772,nan,4.7
USW00023225,1782,nan,3.3
USW00023225,1785,nan,2.8
USW00023225,1788,nan,1.1
USW00023225,1790,nan,2.2
USW00023225,1792,nan,3.3
USW00023225,1794,nan,3.5999999999999996
USW00023225,1814,nan,4.4
USW00023225,1816,nan,3.6
USW00023225,1818,nan,1.7
USW00023225,1821,nan,0.6
USW00023225,1824,nan,0.8500000000000001
USW00023225,1826,nan,0.3
USW00023225,1828,nan,0.55
USW00023225,1849,nan,0.55
USW00023225,1860,nan,-0.8500000000000001
USW00023225,1862,nan,-1.1
USW00023225,1932,nan,1.7
USW00023225,1934,nan,0.0
USW00023225,1936,nan,-0.6
USW00023225,1938,nan,-0.3
USW00023225,1940,nan,0.0
USW00023225,1942,nan,0.0
USW00023225,1944,nan,0.0
USW00023225,1946,nan,0.0
USW00023225,1949,nan,0.6
USW00023225,1951,nan,0.6
USW00023225,1953,nan,0.6
USW00023225,1955,nan,0.3
USW00023225,2016,nan,6.1
USW00023225,2019,nan,5.0
USW00023225,2021,nan,4.45
USW00023225,2023,nan,3.9
USW00023225,2025,nan,3.9
USW00023225,2027,nan,3.5999999999999996
USW00023225,2029,nan,3.05
USW00023225,2031,nan,2.8
USW00023225,2033,nan,3.05
USW00023225,2035,nan,2.75
USW00023225,2037,nan,2.5
USW00023225,2039,nan,3.05
USW00023225,2041,nan,3.5999999999999996
USW00023225,2043,nan,3.9
USW00023225,2045,nan,4.15
USW00023225,2047,nan,4.4
USW00023225,2049,nan,4.4
USW00023225,2051,nan,4.4
USW00023225,2054,nan,4.4
USW00023225,2056,nan,4.15
USW00023225,2058,nan,3.5999999999999996
USW00023225,2060,nan,3.3
USW00023225,2062,nan,3.05
USW00023225,2067,nan,0.8500000000000001
USW00023225,2115,nan,5.3
USW00023225,2117,nan,5.6
USW00023225,2119,nan,5.85
USW00023225,2121,nan,6.1
USW00023225,2123,nan,6.1
USW00023225,2125,nan,6.1
USW00023225,2127,nan,5.85
USW00023225,2129,nan,5.6
USW00023225,2131,nan,5.6
USW00023225,2133,nan,5.6
USW00023225,2135,nan,5.6
USW00023225,2278,nan,2.5
USW00023225,2280,nan,1.6500000000000001
USW00023225,2282,nan,0.8500000000000001
USW00023225,2284,nan,-0.25000000000000006
USW00023225,2286,nan,-1.4
USW00023225,2293,nan,-1.1
USW00023225,2295,nan,-1.4
USW00023225,2297,nan,-1.9500000000000002
USW00023225,2299,nan,-2.5
USW00023225,2301,nan,-2.8
USW00023225,2303,nan,-3.05
USW00023225,2305,nan,-3.3
USW00023225,2307,nan,-3.3
USW00023225,2309,nan,-3.3
USW00023225,2311,nan,-3.3
USW00023225,2313,nan,-3.3
USW00023225,2315,nan,-3.5999999999999996
USW00023225,2319,nan,-3.3
USW00023225,2321,nan,-3.05
USW00023225,2323,nan,-2.8
USW00023225,2325,nan,-2.8
USW00023225,2328,nan,-2.5
USW00023225,2330,nan,-2.8
USW00023225,2332,nan,-2.8
USW00023225,2334,nan,-2.8
USW00023225,2336,nan,-3.05
USW00023225,2338,nan,-3.5999999999999996
USW00023225,2340,nan,-3.5999999999999996
USW00023225,2361,nan,-2.2
USW00023225,2363,nan,-2.2
USW00023225,2365,nan,-2.2
USW00023225,2367,nan,-2.2
USW00023225,2369,nan,-2.2
USW00023225,2371,nan,-2.5
USW00023225,2373,nan,-2.8
USW00023225,2375,nan,-3.05
USW00023225,2378,nan,-3.3
USW00023225,2380,nan,-3.3
USW00023225,2382,nan,-3.05
USW00023225,2384,nan,-2.8
USW00023225,2386,nan,-2.5
USW00023225,2388,nan,-2.2
USW00023225,2390,nan,-1.9500000000000002
USW00023225,2392,nan,-1.7
USW00023225,2394,nan,-1.7
USW00023225,2396,nan,-1.9500000000000002
USW00023225,2398,nan,-2.75
USW00023225,2540,nan,6.65
USW00023225,2542,nan,5.85
USW00023225,2544,nan,5.3
USW00023225,2546,nan,4.7
USW00023225,2548,nan,4.4
USW00023225,2550,nan,4.7
USW00023225,2552,nan,4.7
USW00023225,2554,nan,4.4
USW00023225,2556,nan,4.15
USW00023225,2558,nan,4.15
USW00023225,2562,nan,3.9
USW00023225,2574,nan,5.3
USW00023225,2576,nan,4.7
USW00023225,2578,nan,4.4
USW00023225,2580,nan,4.15
USW00023225,2582,nan,3.9
USW00023225,2584,nan,3.9
USW00023225,2587,nan,3.3499999999999996
USW00023225,2589,nan,2.5
USW00023225,2591,nan,2.2
USW00023225,2593,nan,2.2
USW00023225,2598,nan,0.0
USW00023225,2600,nan,0.3
USW00023225,2602,nan,0.6
USW00023225,2604,nan,0.8500000000000001
USW00023225,2606,nan,0.25000000000000006
USW00023225,2608,nan,-0.8500000000000001
USW00023225,2610,nan,-1.1
USW00023225,2612,nan,-1.4
USW00023225,2614,nan,-1.7
USW00023225,2616,nan,-1.4
USW00023225,2618,nan,-0.8500000000000001
USW00023225,2622,nan,-0.6
USW00023225,2624,nan,-0.6
USW00023225,2627,nan,-0.3
USW00023225,2629,nan,-0.8500000000000001
USW00023225,2631,nan,-1.1
USW00023225,2633,nan,-1.1
USW00023225,2635,nan,-0.55
USW00023225,2637,nan,-0.55
USW00023225,2639,nan,-1.4
USW00023225,2641,nan,-1.4
USW00023225,2643,nan,-1.1
USW00023225,2645,nan,-0.8500000000000001
USW00023225,2648,nan,0.0
USW00023225,2650,nan,-0.3
USW00023225,2652,nan,-0.6
USW00023225,2728,nan,0.6
USW00023225,2731,nan,0.0
USW00023225,2733,nan,0.0
USW00023225,2736,nan,0.0
USW00023225,2738,nan,0.0
USW00023225,2747,nan,0.8500000000000001
USW00023225,2753,nan,1.7
USW00023225,2756,nan,1.1
USW00023225,2758,nan,0.8500000000000001
USW00023225,2760,nan,0.3
USW00023225,2763,nan,0.6
USW00023225,2766,nan,0.0
USW00023225,2768,nan,-0.3
USW00023225,2841,nan,0.0
USW00023225,2843,nan,0.0
USW00023225,2845,nan,-0.3
USW00023225,2847,nan,-0.8500000000000001
USW00023225,2849,nan,-1.1
USW00023225,2851,nan,-1.1
USW00023225,2853,nan,-1.4
USW00023225,2857,nan,-0.8500000000000001
USW00023225,2859,nan,-1.4
USW00023225,2880,nan,0.8500000000000001
USW00023225,2882,nan,0.8500000000000001
USW00023225,2884,nan,0.8500000000000001
USW00023225,2886,nan,1.1
USW00023225,2888,nan,1.1
USW00023225,2890,nan,1.1
USW00023225,2892,nan,1.1
USW00023225,2894,nan,1.1
USW00023225,2896,nan,1.1
USW00023225,2898,nan,1.1
USW00023225,2900,nan,1.1
USW00023225,2902,nan,1.1
USW00023225,2904,nan,1.1
USW00023225,2907,nan,0.6
USW00023225,2909,nan,0.6
USW00023225,2911,nan,0.6
USW00023225,2913,nan,0.6
USW00023225,2915,nan,0.6
USW00023225,2928,nan,2.8
USW00023225,2930,nan,2.8
USW00023225,2932,nan,2.25
USW00023225,2935,nan,2.2
USW00023225,2937,nan,2.2
USW00023225,2943,nan,2.2
USW00023225,2945,nan,2.2
USW00023225,2947,nan,2.2
USW00023225,2949,nan,1.6500000000000001
USW00023225,2951,nan,0.25000000000000006
USW00023225,2953,nan,-0.8500000000000001
USW00023225,2955,nan,-1.1
USW00023225,2957,nan,-1.4
USW00023225,2959,nan,-1.7
USW00023225,2961,nan,-1.7
USW00023225,2964,nan,-1.4
USW00023225,2966,nan,-1.1
USW00023225,2968,nan,-1.1
USW00023225,2970,nan,-0.8500000000000001
USW00023225,2972,nan,-0.6
USW00023225,2974,nan,-0.6
USW00023225,2976,nan,-0.6
USW00023225,2978,nan,-0.8500000000000001
USW00023225,2980,nan,-1.1
USW00023225,2982,nan,-1.1
USW00023225,2984,nan,-1.1
USW00023225,2986,nan,-1.1
USW00023225,2989,nan,-0.6
USW00023225,2992,nan,-0.3
USW00023225,2994,nan,0.0
USW00023225,2996,nan,0.0
USW00023225,2998,nan,0.0
USW00023225,3000,nan,0.0
USW00023225,3002,nan,0.0
USW00023225,3004,nan,0.0
USW00023225,3006,nan,-0.55
USW00023225,3008,nan,-0.8500000000000001
USW00023225,3010,nan,-0.8500000000000001
USW00023225,3013,nan,-1.7
USW00023225,3016,nan,-1.9500000000000002
USW00023225,3018,nan,-1.7
USW00023225,3020,nan,-1.7
USW00023225,3022,nan,-1.7
USW00023225,3024,nan,-1.7
USW00023225,3067,nan,1.95
USW00023225,3069,nan,0.55
USW00023225,3071,nan,-0.85
USW00023225,3073,nan,-1.9500000000000002
USW00023225,3075,nan,-1.9500000000000002
USW00023225,3078,nan,-1.4
USW00023225,3086,nan,0.0
USW00023225,3088,nan,-0.3
USW00023225,3090,nan,0.0
USW00023225,3092,nan,-0.55
USW00023225,3094,nan,-0.8500000000000001
USW00023225,3096,nan,-0.3
USW00023225,3098,nan,0.0
USW00023225,3100,nan,0.0
USW00023225,3102,nan,0.0
USW00023225,3104,nan,0.0
USW00023225,3106,nan,0.0
USW00023225,3108,nan,0.0
USW00023225,3110,nan,0.0
USW00023225,3112,nan,-0.3
USW00023225,3116,nan,-0.8500000000000001
USW00023225,3118,nan,-0.6
USW00023225,3120,nan,-0.6
USW00023225,3124,nan,0.25000000000000006
USW00023225,3126,nan,-0.3
USW00023225,3129,nan,0.3
USW00023225,3131,nan,0.0
USW00023225,3133,nan,-0.55
USW00023225,3196,nan,3.5999999999999996
USW00023225,3199,nan,3.3
USW00023225,3201,nan,3.3
USW00023225,3206,nan,4.15
USW00023225,3209,nan,3.3
USW00023225,3211,nan,3.3
USW00023225,3213,nan,3.3
USW00023225,3215,nan,3.05
USW00023225,3219,nan,2.5
USW00023225,3221,nan,2.5
USW00023225,3223,nan,2.2
USW00023225,3225,nan,2.2
USW00023225,3229,nan,2.8
USW00023225,3235,nan,3.05
USW00023225,3237,nan,2.8
USW00023225,3239,nan,3.05
USW00023225,3241,nan,3.3
USW00023225,3243,nan,3.3
USW00023225,3246,nan,1.9500000000000002
USW00023225,3248,nan,1.4
USW00023225,3250,nan,1.1
USW00023225,3252,nan,1.1
USW00023225,3254,nan,0.8500000000000001
USW00023225,3256,nan,0.0
USW00023225,3258,nan,-0.6
USW00023225,3260,nan,-0.6
USW00023225,3262,nan,-0.6
USW00023225,3264,nan,-0.3
USW00023225,3266,nan,0.0
USW00023225,3268,nan,0.55
USW00023225,3270,nan,1.6500000000000001
USW00023225,3280,nan,2.2
USW00023225,3282,nan,2.2
USW00023225,3350,nan,2.75
USW00023225,3354,nan,2.8
USW00023225,3356,nan,2.8
USW00023225,3358,nan,2.25
USW00023225,3362,nan,-0.6
USW00023225,3366,nan,-1.7
USW00023225,3368,nan,-1.9500000000000002
USW00023225,3370,nan,-2.5
USW00023225,3372,nan,-2.5
USW00023225,3374,nan,-2.2
USW00023225,3376,nan,-2.2
USW00023225,3378,nan,-1.9500000000000002
USW00023225,3380,nan,-1.4
USW00023225,3382,nan,-1.1
USW00023225,3385,nan,-1.4
USW00023225,3397,nan,-2.5
USW00023225,3399,nan,-1.4000000000000001
USW00023225,3401,nan,0.25000000000000006
USW00023225,3403,nan,0.8500000000000001
USW00023225,3799,nan,10.0
USW00023225,5314,nan,27.75
USW00023225,5454,nan,13.95
USW00023225,5456,nan,13.45
USW00023225,5459,nan,13.45
USW00023225,5462,nan,13.95
USW00023225,5940,nan,15.850000000000001
USW00023225,5965,nan,13.65
USW00023225,5967,nan,13.15
USW00023225,5973,nan,13.15
USW00023225,5979,nan,13.15
USW00023225,5981,nan,13.3
USW00023225,5983,nan,13.3
USW00023225,5985,nan,13.3
USW00023225,5987,nan,13.600000000000001
USW00023225,7613,nan,18.9
USW00023225,7615,nan,18.6
USW00023225,7617,nan,18.6
USW00023225,7619,nan,18.9
USW00023225,7621,nan,18.6
USW00023225,7623,nan,18.3
USW00023225,7625,nan,18.6
USW00023225,7627,nan,19.75
USW00023225,7629,nan,21.700000000000003
USW00023225,7631,nan,23.6
USW00023225,7633,nan,25.0
USW00023225,7635,nan,25.6
USW00023225,7739,nan,-2.1
USW00023225,7747,nan,-2.1
USW00023225,7749,nan,-2.2
USW00023225,7757,nan,-1.35
USW00023225,7759,nan,-1.35
USW00023225,7765,nan,-1.05
USW00023225,7767,nan,-1.4
USW00023225,7778,nan,-1.85
USW00023225,7837,nan,-1.85
USW00023225,7845,nan,-2.1
USW00023225,7848,nan,-2.1
USW00023225,7850,nan,-2.2
USW00023225,7852,nan,-2.2
USW00023225,7855,nan,-2.1
USW00023225,7857,nan,-2.1
USW00023225,7860,nan,-2.2
USW00023225,7863,nan,-2.1
USW00023225,7865,nan,-2.2
USW00023225,7867,nan,-2.1
USW00023225,7869,nan,-2.0
USW00023225,7873,nan,-1.35
USW00023225,7875,nan,-1.4
USW00023225,7877,nan,-1.1
USW00023225,7882,nan,-1.05
USW00023225,7985,nan,2.1
USW00023225,7987,nan,2.5
USW00023225,8019,nan,3.95
USW00023225,8022,nan,3.15
USW00023225,8035,nan,4.2
USW00023225,8038,nan,3.65
USW00023225,8041,nan,4.2
USW00023225,8044,nan,4.2
USW00023225,8058,nan,0.5
USW00023225,8060,nan,0.0
USW00023225,8062,nan,-0.3
USW00023225,8069,nan,0.8
USW00023225,8071,nan,0.8500000000000001
USW00023225,8073,nan,1.4
USW00023225,8075,nan,1.7
USW00023225,8077,nan,1.9500000000000002
USW00023225,8079,nan,2.2
USW00023225,8081,nan,1.6
USW00023225,8085,nan,1.05
USW00023225,8087,nan,1.55
USW00023225,8090,nan,1.9500000000000002
USW00023225,8093,nan,2.1
USW00023225,8096,nan,1.6
USW00023225,8220,nan,3.15
USW00023225,8222,nan,3.65
USW00023225,8256,nan,2.6
USW00023225,8258,nan,1.9500000000000002
USW00023225,8260,nan,1.9500000000000002
USW00023225,8262,nan,2.2
USW00023225,8264,nan,1.9500000000000002
USW00023225,8266,nan,1.4
USW00023225,8268,nan,1.1
USW00023225,8270,nan,1.1
USW00023225,8272,nan,1.1
USW00023225,8274,nan,0.8500000000000001
USW00023225,8276,nan,0.6
USW00023225,8278,nan,0.6
USW00023225,8280,nan,0.3
USW00023225,8282,nan,0.0
USW00023225,8284,nan,0.0
USW00023225,8286,nan,0.0
USW00023225,8288,nan,-0.3
USW00023225,8290,nan,-0.3
USW00023225,8292,nan,0.0
USW00023225,8294,nan,-0.3
USW00023225,8296,nan,-0.8500000000000001
USW00023225,8298,nan,-0.8500000000000001
USW00023225,8300,nan,-0.6
USW00023225,8303,nan,-0.8
USW00023225,8305,nan,-0.6
USW00023225,8307,nan,-0.6
USW00023225,8309,nan,-0.8
USW00023225,8314,nan,-0.8
USW00023225,8340,nan,2.1
USW00023225,8347,nan,1.35
USW00023225,8349,nan,1.7
USW00023225,8351,nan,1.7
USW00023225,8353,nan,1.7
USW00023225,8355,nan,1.7
USW00023225,8357,nan,1.7
USW00023225,8359,nan,1.9500000000000002
USW00023225,8361,nan,2.2
USW00023225,8363,nan,2.2
USW00023225,8365,nan,2.2
USW00023225,8367,nan,2.2
USW00023225,8369,nan,2.1
USW00023225,8372,nan,2.8
USW00023225,8374,nan,2.8
USW00023225,8376,nan,3.05
USW00023225,8396,nan,5.8
USW00023225,8399,nan,4.7
USW00023225,8480,nan,4.2
USW00023225,8482,nan,4.2
USW00023225,8486,nan,3.95
USW00023225,8489,nan,2.9
USW00023225,8494,nan,1.05
USW00023225,8496,nan,1.05
USW00023225,8499,nan,1.05
USW00023225,8503,nan,0.8
USW00023225,8505,nan,0.6
USW00023225,8507,nan,0.3
USW00023225,8517,nan,-1.85
USW00023225,8533,nan,-3.5
USW00023225,8794,nan,3.15
USW00023225,8798,nan,3.65
USW00023225,8800,nan,3.3
USW00023225,8802,nan,3.3
USW00023225,8806,nan,3.15
USW00023225,8808,nan,3.15
USW00023225,8830,nan,4.7
USW00023225,8901,nan,5.3
USW00023225,8903,nan,6.15
USW00023225,8905,nan,6.7
USW00023225,8907,nan,6.7
USW00023225,8909,nan,6.95
USW00023225,8911,nan,7.2
USW00023225,8913,nan,6.95
USW00023225,8915,nan,6.4
USW00023225,8917,nan,5.85
USW00023225,8919,nan,5.6
USW00023225,8921,nan,5.3
USW00023225,8923,nan,5.0
USW00023225,8925,nan,5.0
USW00023225,8927,nan,5.0
USW00023225,8929,nan,5.0
USW00023225,8931,nan,5.3
USW00023225,8933,nan,5.3
USW00023225,8935,nan,4.45
USW00023225,8938,nan,3.95
USW00023225,8940,nan,4.15
USW00023225,8942,nan,4.4
USW00023225,8944,nan,4.4
USW00023225,8946,nan,4.4
USW00023225,8948,nan,4.4
USW00023225,8951,nan,4.2
USW00023225,8953,nan,4.4
USW00023225,8955,nan,4.7
USW00023225,8957,nan,5.0
USW00023225,8959,nan,5.0
USW00023225,8961,nan,4.7
USW00023225,8963,nan,4.4
USW00023225,8965,nan,4.4
USW00023225,8967,nan,4.7
USW00023225,8969,nan,5.0
USW00023225,8972,nan,4.5
USW00023225,8974,nan,5.0
USW00023225,8976,nan,5.0
USW00023225,8978,nan,5.0
USW00023225,8980,nan,5.0
USW00023225,8982,nan,5.0
USW00023225,8984,nan,4.7
USW00023225,8986,nan,3.6
USW00023225,8988,nan,2.4
USW00023225,8996,nan,0.8
USW00023225,8998,nan,0.8500000000000001
USW00023225,9000,nan,0.8500000000000001
USW00023225,9002,nan,0.8500000000000001
USW00023225,9004,nan,0.8500000000000001
USW00023225,9006,nan,0.6
USW00023225,9008,nan,0.3
USW00023225,9010,nan,0.0
USW00023225,9013,nan,0.5
USW00023225,9016,nan,0.8
USW00023225,9019,nan,0.0
USW00023225,9021,nan,0.0
USW00023225,9026,nan,-0.55
USW00023225,9028,nan,-1.4
USW00023225,9082,nan,-1.05
USW00023225,9084,nan,-1.1
USW00023225,9086,nan,-1.05
USW00023225,9089,nan,-1.05
USW00023225,9092,nan,-1.1
USW00023225,9094,nan,-0.8500000000000001
USW00023225,9096,nan,-0.8500000000000001
USW00023225,9098,nan,-1.1
USW00023225,9100,nan,-0.8500000000000001
USW00023225,9102,nan,-0.8500000000000001
USW00023225,9104,nan,-0.8500000000000001
USW00023225,9106,nan,-0.3
USW00023225,9108,nan,0.0
USW00023225,9110,nan,0.0
USW00023225,9112,nan,0.0
USW00023225,9114,nan,0.0
USW00023225,9116,nan,0.0
USW00023225,9118,nan,0.0
USW00023225,9120,nan,0.0
USW00023225,9122,nan,0.0
USW00023225,9124,nan,0.0
USW00023225,9126,nan,-0.3
USW00023225,9128,nan,-0.6
USW00023225,9130,nan,-0.3
USW00023225,9132,nan,-0.3
USW00023225,9134,nan,-0.3
USW00023225,9136,nan,-0.3
USW00023225,9138,nan,-0.6
USW00023225,9140,nan,-0.6
USW00023225,9142,nan,-1.15
USW00023225,9145,nan,-2.1
USW00023225,9150,nan,-2.1
USW00023225,9152,nan,-2.1
USW00023225,9174,nan,-1.05
USW00023225,9206,nan,0.6
USW00023225,9208,nan,0.6
USW00023225,9210,nan,0.8500000000000001
USW00023225,9212,nan,1.1
USW00023225,9214,nan,1.1
USW00023225,9216,nan,1.4
USW00023225,9218,nan,1.7
USW00023225,9220,nan,1.7
USW00023225,9222,nan,1.9500000000000002
USW00023225,9224,nan,2.2
USW00023225,9226,nan,2.2
USW00023225,9228,nan,2.2
USW00023225,9230,nan,2.2
USW00023225,9232,nan,2.2
USW00023225,9234,nan,2.5
USW00023225,9236,nan,2.8
USW00023225,9238,nan,2.5
USW00023225,9240,nan,2.2
USW00023225,9242,nan,2.2
USW00023225,9244,nan,2.2
USW00023225,9246,nan,2.2
USW00023225,9248,nan,2.2
USW00023225,9250,nan,2.2
USW00023225,9252,nan,2.2
USW00023225,9254,nan,2.2
USW00023225,9256,nan,2.2
USW00023225,9258,nan,2.2
USW00023225,9260,nan,2.2
USW00023225,9262,nan,2.2
USW00023225,9264,nan,2.2
USW00023225,9266,nan,1.9500000000000002
USW00023225,9268,nan,1.7
USW00023225,9270,nan,1.7
USW00023225,9272,nan,1.7
USW00023225,9274,nan,1.7
USW00023225,9276,nan,1.7
USW00023225,9278,nan,1.4
USW00023225,9280,nan,0.8500000000000001
USW00023225,9282,nan,-0.25000000000000006
USW00023225,9284,nan,-1.4
USW00023225,9289,nan,-1.85
USW00023225,9293,nan,-1.55
USW00023225,9298,nan,-1.55
USW00023225,9438,nan,3.9
USW00023225,9440,nan,1.1
USW00023225,9446,nan,2.9
USW00023225,9448,nan,2.8
USW00023225,9450,nan,3.05
USW00023225,9452,nan,3.3
USW00023225,9454,nan,3.05
USW00023225,9456,nan,2.8
USW00023225,9458,nan,2.8
USW00023225,9460,nan,2.8
USW00023225,9462,nan,2.8
USW00023225,9464,nan,2.8
USW00023225,9472,nan,3.15
USW00023225,9474,nan,3.3
USW00023225,9476,nan,3.3
USW00023225,9481,nan,2.5
USW00023225,9484,nan,2.5
USW00023225,9486,nan,2.8
USW00023225,9488,nan,2.5
USW00023225,9490,nan,2.2
USW00023225,9495,nan,1.85
USW00023225,9501,nan,0.0
USW00023225,9567,nan,0.5
USW00023225,9569,nan,0.0
USW00023225,9571,nan,0.85
USW00023225,9574,nan,1.85
USW00023225,9576,nan,1.9500000000000002
USW00023225,9578,nan,2.2
USW00023225,9580,nan,2.2
USW00023225,9582,nan,2.2
USW00023225,9584,nan,2.2
USW00023225,9586,nan,1.9500000000000002
USW00023225,9588,nan,1.4
USW00023225,9590,nan,1.05
USW00023225,9602,nan,2.1
USW00023225,9605,nan,2.4
USW00023225,9607,nan,2.8
USW00023225,9609,nan,2.8
USW00023225,9611,nan,2.8
USW00023225,9613,nan,2.8
USW00023225,9615,nan,2.4
USW00023225,9618,nan,2.2
USW00023225,9620,nan,1.9500000000000002
USW00023225,9622,nan,1.4
USW00023225,9624,nan,0.55
USW00023225,9626,nan,0.0
USW00023225,9628,nan,0.0
USW00023225,9630,nan,-0.3
USW00023225,9632,nan,-0.6
USW00023225,9634,nan,-0.6
USW00023225,9636,nan,-0.6
USW00023225,9638,nan,-0.6
USW00023225,9640,nan,-0.6
USW00023225,9642,nan,-0.6
USW00023225,9644,nan,-0.6
USW00023225,9646,nan,-0.6
USW00023225,9648,nan,-0.8
USW00023225,9652,nan,-1.35
USW00023225,9654,nan,-1.4
USW00023225,9656,nan,-1.4
USW00023225,9658,nan,-1.7
USW00023225,9660,nan,-1.7
USW00023225,9663,nan,-1.85
USW00023225,9666,nan,-2.4
USW00023225,9668,nan,-2.4
USW00023225,9679,nan,-3.15
USW00023225,9681,nan,-3.65
USW00023225,9715,nan,-4.5
USW00023225,9737,nan,-2.8
USW00023225,9776,nan,-4.2
USW00023225,9779,nan,-3.95
USW00023225,9783,nan,-3.95
USW00023225,9786,nan,-3.15
USW00023225,9788,nan,-3.3
USW00023225,9790,nan,-3.3
USW00023225,9793,nan,-2.9
USW00023225,9796,nan,-2.9
USW00023225,9799,nan,-2.2
USW00023225,9801,nan,-2.2
USW00023225,9803,nan,-1.9500000000000002
USW00023225,9805,nan,-1.9500000000000002
USW00023225,9807,nan,-2.2
USW00023225,9809,nan,-1.9500000000000002
USW00023225,9811,nan,-1.4
USW00023225,9813,nan,-1.1
USW00023225,9815,nan,-1.1
USW00023225,9817,nan,-1.1
USW00023225,9819,nan,-1.1
USW00023225,9821,nan,-1.1
USW00023225,9823,nan,-1.4
USW00023225,9825,nan,-1.35
USW00023225,9828,nan,-1.1
USW00023225,9830,nan,-1.1
USW00023225,9832,nan,-1.1
USW00023225,9834,nan,-1.1
USW00023225,9838,nan,-1.05
USW00023225,9854,nan,-0.5
USW00023225,9856,nan,-1.0
USW00023225,9867,nan,0.0
USW00023225,9869,nan,0.0
USW00023225,9872,nan,0.0
USW00023225,9874,nan,0.0
USW00023225,9876,nan,0.0
USW00023225,9878,nan,0.0
USW00023225,9880,nan,0.0
USW00023225,9882,nan,0.0
USW00023225,9884,nan,0.0
USW00023225,9886,nan,0.0
USW00023225,9888,nan,0.0
USW00023225,9890,nan,0.0
USW00023225,9892,nan,0.0
USW00023225,9894,nan,-0.5
USW00023225,9897,nan,-1.1
USW00023225,9899,nan,-1.05
USW00023225,9902,nan,-0.8
USW00023225,9905,nan,-0.5
USW00023225,9907,nan,0.0
USW00023225,9909,nan,0.0
USW00023225,9911,nan,0.0
USW00023230,13109,nan,13.0
USW00023230,14538,nan,16.0
USW00023230,16504,nan,15.0
USW00023232,19524,nan,12.1
USW00023232,24101,nan,21.95
USW00023232,24106,nan,26.35
USW00023232,26632,nan,6.65
USW00023232,27060,nan,6.5
USW00023232,28138,nan,12.1
USW00023233,31223,nan,8.65
USW00023233,32995,nan,12.2
USW00023233,32997,nan,12.5
USW00023233,32999,nan,12.8
USW00023233,33826,nan,19.5
USW00023233,34375,nan,18.3
USW00023233,35969,nan,19.15
USW00023233,35971,nan,16.95
USW00023233,35973,nan,16.95
USW00023233,35996,nan,23.35
USW00023233,36334,nan,12.1
USW00023234,39630,nan,14.4
USW00023234,44331,nan,18.15
USW00023234,44571,nan,15.0
USW00023234,44631,nan,16.0
USW00023234,44756,nan,16.05
USW00023234,46640,nan,13.15
USW00023234,48471,nan,13.45
USW00023237,52712,nan,29.45
USW00023237,57295,nan,11.8
USW00023237,57531,nan,10.5
USW00023237,57755,nan,8.95
USW00023237,57793,nan,4.5
USW00023237,57869,nan,3.95
USW00023237,58635,nan,8.5
USW00023237,58903,nan,10.8
USW00023237,58916,nan,10.0
USW00023237,58936,nan,7.1
USW00023243,59885,nan,18.5
USW00023243,60457,nan,6.5
USW00023243,60459,nan,7.0
USW00023243,60461,nan,7.0
USW00023243,60599,nan,8.0
USW00023243,60601,nan,8.5
USW00023243,60603,nan,9.0
USW00023243,60605,nan,9.5
USW00023243,60781,nan,17.0
USW00023243,61003,nan,11.0
USW00023243,61152,nan,5.5
USW00023243,61410,nan,10.5
USW00023243,61505,nan,10.0
USW00023243,61893,nan,18.5
USW00023243,61959,nan,5.5
USW00023243,62452,nan,10.5
USW00023243,62462,nan,11.5
USW00023243,62902,nan,14.5
USW00023243,65269,nan,16.5
USW00023243,65707,nan,13.0
USW00023243,66247,nan,8.5
USW00023243,66606,nan,11.0
USW00023243,66966,nan,17.5
USW00023243,67886,nan,14.5
USW00023243,68210,nan,12.0
USW00023243,68853,nan,14.0
USW00023243,69131,nan,15.0
USW00023243,69589,nan,13.0
USW00023243,69630,nan,12.5
USW00023243,69968,nan,17.5
USW00023243,70079,nan,7.5
USW00023243,71010,nan,16.0
USW00023243,71172,nan,16.5
USW00023243,71792,nan,7.0
USW00023243,72197,nan,17.0
USW00023243,72404,nan,11.5
USW00023254,74488,nan,8.6
USW00023254,75978,nan,17.5
USW00023254,76340,nan,14.4
USW00023254,78958,nan,24.15
USW00023254,81223,nan,14.45
USW00023254,81729,nan,14.4
USW00023254,81879,nan,10.0
USW00023254,81923,nan,11.05
USW00023254,82001,nan,7.9
USW00023257,83005,nan,10.5
USW00023257,87795,nan,21.5
USW00023257,88198,nan,29.0
USW00023257,89299,nan,19.5
USW00023257,90258,nan,6.0
USW00023257,90309,nan,4.0
USW00023257,90314,nan,1.0
USW00023257,90316,nan,1.5
USW00023257,90364,nan,6.0
USW00023257,90428,nan,5.5
USW00023257,90744,nan,11.0
USW00023257,90751,nan,10.0
USW00023257,90813,nan,10.0
USW00023257,91221,nan,6.5
USW00023258,91950,nan,7.35
USW00023258,91966,nan,5.8
USW00023258,91968,nan,4.75
USW00023258,91972,nan,3.5999999999999996
USW00023258,91974,nan,3.9
USW00023258,91976,nan,4.15
USW00023258,91978,nan,4.7
USW00023258,91980,nan,5.55
USW00023258,91982,nan,6.1
USW00023258,91984,nan,6.4
USW00023258,91986,nan,6.7
USW00023258,91988,nan,6.7
USW00023258,91990,nan,6.7
USW00023258,91992,nan,6.95
USW00023258,91994,nan,7.2
USW00023258,91996,nan,7.2
USW00023258,92010,nan,6.95
USW00023258,92012,nan,6.7
USW00023258,92014,nan,6.4
USW00023258,92016,nan,6.1
USW00023258,92022,nan,5.85
USW00023258,92024,nan,5.6
USW00023258,92045,nan,5.0
USW00023258,92047,nan,5.0
USW00023258,92049,nan,5.0
USW00023258,92051,nan,5.0
USW00023258,92053,nan,4.7
USW00023258,92055,nan,4.4
USW00023258,92075,nan,5.6
USW00023258,92157,nan,9.7
USW00023258,92160,nan,8.600000000000001
USW00023258,92162,nan,8.05
USW00023258,92164,nan,8.6
USW00023258,92181,nan,13.15
USW00023258,92183,nan,13.05
USW00023258,92211,nan,9.75
USW00023258,92213,nan,8.600000000000001
USW00023258,92216,nan,8.35
USW00023258,92218,nan,7.8
USW00023258,92220,nan,7.5
USW00023258,92222,nan,7.5
USW00023258,92225,nan,8.850000000000001
USW00023258,92232,nan,11.7
USW00023258,92234,nan,11.7
USW00023258,92236,nan,11.7
USW00023258,92253,nan,10.3
USW00023258,92329,nan,6.95
USW00023258,92331,nan,5.85
USW00023258,92334,nan,5.85
USW00023258,92336,nan,6.4
USW00023258,92350,nan,10.55
USW00023258,92352,nan,10.0
USW00023258,92354,nan,10.0
USW00023258,92356,nan,10.0
USW00023258,92358,nan,10.0
USW00023258,92360,nan,9.7
USW00023258,92362,nan,9.4
USW00023258,92364,nan,9.4
USW00023258,92366,nan,9.4
USW00023258,92368,nan,9.4
USW00023258,92370,nan,9.4
USW00023258,92372,nan,9.15
USW00023258,92374,nan,8.9
USW00023258,92376,nan,8.9
USW00023258,92378,nan,9.15
USW00023258,92380,nan,9.4
USW00023258,92403,nan,9.4
USW00023258,92405,nan,9.4
USW00023258,92407,nan,9.7
USW00023258,92409,nan,10.55
USW00023258,92431,nan,10.6
USW00023258,92433,nan,10.3
USW00023258,92435,nan,10.0
USW00023258,92437,nan,10.0
USW00023258,92731,nan,11.05
USW00023258,92889,nan,9.45
USW00023258,92959,nan,3.3499999999999996
USW00023258,92961,nan,3.3499999999999996
USW00023258,92963,nan,3.3499999999999996
USW00023258,92995,nan,4.199999999999999
USW00023258,93387,nan,10.3
USW00023258,93389,nan,9.7
USW00023258,93391,nan,9.7
USW00023258,93393,nan,10.55
USW00023258,93419,nan,9.75
USW00023258,93496,nan,12.1
USW00023258,93772,nan,20.25
USW00023258,93942,nan,11.95
USW00023258,94042,nan,13.05
USW00023258,94372,nan,13.05
USW00023258,97954,nan,28.9
USW00023258,98280,nan,16.7
USW00023258,99028,nan,15.55
USW00023258,99101,nan,5.6
USW00023258,99256,nan,11.95
USW00023258,99282,nan,10.8
USW00023258,99284,nan,10.3
USW00023258,99352,nan,8.95
USW00023258,99486,nan,10.0
USW00023258,99491,nan,9.15
USW00023258,99521,nan,3.4
USW00023258,99524,nan,3.45
USW00023258,99526,nan,4.75
USW00023258,99582,nan,5.3
USW00023258,99584,nan,5.85
USW00023258,99586,nan,6.4
USW00023258,99588,nan,7.25
USW00023258,99590,nan,8.35
USW00023258,99657,nan,6.3
USW00023258,99659,nan,5.6
USW00023258,99963,nan,8.7
USW00023258,99967,nan,10.5
USW00023258,99984,nan,10.0
USW00023258,99986,nan,9.45
USW00023258,99988,nan,9.45
USW00023258,99990,nan,10.0
USW00023258,99992,nan,9.7
USW00023258,99994,nan,9.7
USW00023258,99996,nan,10.0
USW00023258,99998,nan,10.0
USW00023258,100000,nan,10.0
USW00023258,100002,nan,10.0
USW00023258,100004,nan,10.0
USW00023258,100006,nan,10.5
USW00023258,100063,nan,10.6
USW00023258,100328,nan,2.2
USW00023258,100330,nan,2.6
USW00023258,100386,nan,1.1
USW00023258,100388,nan,2.05
USW00023258,100493,nan,10.6
USW00023258,100495,nan,10.3
USW00023258,100497,nan,10.0
USW00023258,100499,nan,10.0
USW00023258,100501,nan,10.0
USW00023258,100503,nan,10.0
USW00023258,100505,nan,10.0
USW00023258,100507,nan,10.0
USW00023258,100509,nan,10.3
USW00023258,100511,nan,10.85
USW00023258,100535,nan,9.5
USW00023258,100540,nan,10.0
USW00023258,100545,nan,10.8
USW00023258,100574,nan,7.1
USW00023258,100576,nan,7.2
USW00023258,100715,nan,-1.5
USW00023259,102689,nan,12.5
USW00023259,102692,nan,14.0
USW00023259,104299,nan,12.5
USW00023259,105177,nan,12.5
USW00023259,107555,nan,15.5
USW00023259,108252,nan,14.0
USW00023273,110119,nan,8.35
USW00023273,112014,nan,9.5
USW00023273,114333,nan,14.2
USW00023273,114991,nan,18.6
USW00023273,116093,nan,13.15
USW00023273,116740,nan,12.9
USW00023273,117344,nan,13.5
USW00023273,117501,nan,13.5
USW00023273,117507,nan,13.5
USW00023273,117713,nan,14.7
USW00023273,117883,nan,12.5
USW00023273,118039,nan,14.2
USW00023273,118174,nan,12.9
USW00023273,118179,nan,12.9
USW00023273,118451,nan,11.85
USW00023273,119043,nan,11.7
USW00023273,119068,nan,12.9
USW00023273,119634,nan,10.5
USW00023273,119638,nan,8.95
USW00023273,120500,nan,13.95
USW00023275,121817,nan,11.5
USW00023275,124611,nan,23.5
USW00023275,125538,nan,17.5
USW00023275,125541,nan,27.5
USW00023275,128875,nan,8.0
USW00023275,129542,nan,3.5
USW00023277,129959,nan,19.0
USW00023277,130798,nan,14.0
USW00023277,131208,nan,14.5
USW00023277,132732,nan,9.5
USW00023277,134606,nan,15.5
USW00023285,138616,nan,2.4
USW00023285,144961,nan,26.0
USW00023285,145977,nan,11.35
USW00023285,147066,nan,9.2
USW00023285,147838,nan,5.0
USW00023289,148161,nan,14.5
USW00023289,148988,nan,17.0
USW00023289,149032,nan,14.5
USW00023289,149133,nan,21.0
USW00023289,149235,nan,14.5
USW00023289,149293,nan,16.0
USW00023289,149307,nan,16.0
USW00023289,149320,nan,14.0
USW00023289,149349,nan,13.5
USW00023289,149376,nan,13.5
USW00023289,149389,nan,13.0
USW00023289,149403,nan,15.5
USW00023289,149620,nan,17.0
USW00023289,151546,nan,20.0
USW00023289,151570,nan,19.5
USW00023289,151819,nan,17.5
USW00023289,152418,nan,15.0
USW00023289,152502,nan,12.0
USW00023289,152527,nan,15.0
USW00023289,152529,nan,11.5
USW00023289,152683,nan,18.0
USW00023289,152698,nan,14.5
USW00023289,152853,nan,11.5
USW00023289,152915,nan,13.5
USW00023289,152942,nan,12.5
USW00023289,152945,nan,15.0
USW00023289,152957,nan,12.0
USW00023289,153007,nan,15.0
USW00023289,153075,nan,11.0
USW00023289,153100,nan,9.0
USW00023293,162142,nan,10.5
USW00024213,162445,nan,13.850000000000001
USW00024213,162447,nan,10.8
USW00024213,162638,nan,9.45
USW00024215,168838,nan,12.5
USW00024215,170835,nan,5.5
USW00024215,170915,nan,1.0
USW00024215,171675,nan,4.0
USW00024215,171891,nan,0.0
USW00024215,171898,nan,-1.0
USW00024215,172166,nan,2.0
USW00024215,172378,nan,-1.0
USW00024215,172456,nan,0.0
USW00024216,181888,nan,5.6
USW00024257,183151,nan,8.5
USW00024257,183313,nan,10.0
USW00024257,185850,nan,11.05
USW00024257,186276,nan,17.5
USW00024257,186279,nan,18.5
USW00024257,186281,nan,18.5
USW00024257,186306,nan,11.7
USW00024257,186621,nan,25.5
USW00024259,192939,nan,5.5
USW00024259,197360,nan,30.0
USW00024259,197374,nan,29.0
USW00024259,198034,nan,11.5
USW00024259,199065,nan,17.5
USW00024283,201000,nan,12.5
USW00024283,201796,nan,17.0
USW00024283,202156,nan,8.0
USW00024283,202401,nan,2.5
USW00024283,202430,nan,11.0
USW00024283,203332,nan,8.5
USW00024283,205212,nan,14.0
USW00024283,205370,nan,13.0
USW00024283,207265,nan,11.5
USW00024283,207268,nan,12.0
USW00024286,210300,nan,13.0
USW00024286,212412,nan,13.0
USW00024286,216791,nan,8.0
USW00024286,217563,nan,11.5
USW00053119,222556,nan,28.5
USW00053121,227184,nan,6.0
USW00053121,227290,nan,14.0
USW00053121,227458,nan,12.5
USW00053121,229560,nan,14.5
USW00053121,229914,nan,11.0
USW00053121,232902,nan,14.5
USW00053121,234795,nan,7.5
USW00053121,235020,nan,8.0
USW00053121,235022,nan,7.5
USW00053121,235122,nan,5.5
USW00053130,235617,nan,16.5
USW00053130,235786,nan,21.0
USW00053130,235837,nan,25.5
USW00053130,235944,nan,14.5
USW00053130,236117,nan,16.5
USW00053130,236177,nan,12.5
USW00053130,236186,nan,13.5
USW00053130,236237,nan,13.5
USW00053130,236414,nan,21.0
USW00053130,236511,nan,20.0
USW00053130,237158,nan,22.5
USW00053130,237221,nan,24.0
USW00053130,237250,nan,19.5
USW00053130,237399,nan,24.0
USW00053130,237663,nan,32.5
USW00053130,237690,nan,32.5
USW00053130,237693,nan,29.0
USW00053130,237739,nan,35.5
USW00053130,237984,nan,26.5
USW00053130,238186,nan,31.5
USW00053130,239025,nan,28.0
USW00053130,239042,nan,39.0
USW00053130,239061,nan,31.0
USW00053130,239497,nan,16.0
USW00053130,239519,nan,23.0
USW00053130,239539,nan,15.0
USW00053130,239552,nan,20.0
USW00053130,239629,nan,20.5
USW00053130,239667,nan,16.5
USW00053130,239673,nan,11.5
USW00053130,239691,nan,10.5
USW00053130,239707,nan,18.5
USW00053130,239728,nan,17.5
USW00053130,239730,nan,19.5
USW00053130,239793,nan,22.5
USW00053130,239873,nan,11.0
USW00053143,240014,nan,17.0
USW00053143,240033,nan,13.0
USW00053143,240037,nan,10.0
USW00053143,240076,nan,14.5
USW00053143,240216,nan,8.5
USW00053143,240223,nan,20.0
USW00053143,240228,nan,13.0
USW00053143,240383,nan,21.0
USW00053143,240510,nan,21.0
USW00053143,240531,nan,17.0
USW00053143,240560,nan,16.5
USW00053143,240703,nan,15.0
USW00053143,240828,nan,7.5
USW00053143,240997,nan,12.5
USW00053143,241403,nan,16.0
USW00053143,241555,nan,16.0
USW00053143,241665,nan,14.0
USW00053143,241724,nan,12.5
USW00053143,241757,nan,16.0
USW00053143,241903,nan,22.0
USW00053143,242002,nan,16.0
USW00053143,242012,nan,25.0
USW00053143,242088,nan,18.0
USW00053143,242102,nan,15.0
USW00053143,242111,nan,18.0
USW00053143,242164,nan,17.0
USW00053143,242177,nan,18.5
USW00053143,242186,nan,15.0
USW00053143,242193,nan,18.0
USW00053143,242216,nan,9.0
USW00053143,242243,nan,18.0
USW00053143,242330,nan,17.5
USW00053143,242358,nan,16.5
USW00053143,242468,nan,21.5
USW00053143,242475,nan,26.5
USW00053143,242487,nan,17.0
USW00053143,242520,nan,28.5
USW00053143,242575,nan,16.0
USW00053143,242655,nan,29.5
USW00053143,242678,nan,21.0
USW00053143,242775,nan,29.0
USW00053143,242797,nan,20.0
USW00053143,242926,nan,26.0
USW00053143,242936,nan,28.0
USW00053143,242968,nan,27.5
USW00053143,243005,nan,18.0
USW00053143,243084,nan,33.0
USW00053143,243115,nan,33.0
USW00053143,243124,nan,26.0
USW00053143,243210,nan,29.0
USW00053143,243238,nan,29.0
USW00053143,243304,nan,26.5
USW00053143,243342,nan,26.5
USW00053143,243432,nan,24.5
USW00053143,243499,nan,29.5
USW00053143,243798,nan,24.5
USW00053143,243924,nan,17.5
USW00053143,243952,nan,17.0
USW00053143,244164,nan,30.0
USW00053143,244241,nan,17.0
USW00053143,244463,nan,14.5
USW00053143,244554,nan,12.5
USW00053143,244610,nan,14.5
USW00053143,244619,nan,12.5
USW00053143,244634,nan,12.0
USW00053143,244693,nan,20.0
USW00053143,244704,nan,8.0
USW00053143,244706,nan,7.0
USW00053143,244720,nan,8.5
USW00053143,244777,nan,12.0
USW00053143,244787,nan,15.0
USW00053143,244789,nan,14.5
USW00053143,244887,nan,11.5
USW00053143,244889,nan,8.5
USW00053143,244989,nan,8.5
USW00053143,245010,nan,15.5
USW00053143,245014,nan,13.0
USW00053143,245027,nan,18.5
USW00053143,245047,nan,14.0
USW00053143,245070,nan,2.5
USW00053143,245081,nan,11.0
USW00053143,245092,nan,12.0
USW00093104,246246,nan,9.75
USW00093104,246312,nan,9.55
USW00093104,246544,nan,20.8
USW00093104,246552,nan,10.45
USW00093104,247416,nan,27.0
USW00093104,249447,nan,-1.0
USW00093107,249761,nan,24.65
USW00093107,249792,nan,10.2
USW00093107,249849,nan,12.05
USW00093107,249853,nan,11.6
USW00093107,250281,nan,14.5
USW00093107,250283,nan,15.05
USW00093107,250314,nan,15.2
USW00093107,250391,nan,9.5
USW00093107,250483,nan,14.5
USW00093107,250781,nan,7.65
USW00093107,250783,nan,9.15
USW00093107,250805,nan,12.9
USW00093107,250808,nan,12.5
USW00093107,251412,nan,17.0
USW00093107,251581,nan,17.9
USW00093107,251641,nan,14.5
USW00093107,251782,nan,17.1
USW00093107,251889,nan,14.0
USW00093107,252009,nan,14.85
USW00093107,252052,nan,15.0
USW00093107,252054,nan,15.5
USW00093107,252185,nan,15.8
USW00093107,252300,nan,20.0
USW00093107,252736,nan,17.9
USW00093107,252798,nan,13.1
USW00093107,252800,nan,14.5
USW00093107,252803,nan,18.3
USW00093107,252827,nan,16.35
USW00093107,252830,nan,16.05
USW00093107,252890,nan,17.0
USW00093107,252892,nan,16.85
USW00093107,252939,nan,17.0
USW00093107,253006,nan,21.0
USW00093107,253051,nan,20.0
USW00093107,253077,nan,22.5
USW00093107,253165,nan,18.5
USW00093107,253192,nan,19.5
USW00093107,253341,nan,21.5
USW00093107,253435,nan,20.0
USW00093107,253520,nan,19.5
USW00093107,253577,nan,24.5
USW00093107,253678,nan,22.0
USW00093107,253682,nan,26.0
USW00093107,253722,nan,17.5
USW00093107,253725,nan,18.0
USW00093107,253820,nan,32.5
USW00093107,253994,nan,26.5
USW00093107,254037,nan,23.5
USW00093107,254082,nan,23.5
USW00093107,254126,nan,27.5
USW00093107,254147,nan,26.5
USW00093107,254298,nan,19.0
USW00093107,254420,nan,25.5
USW00093107,254424,nan,23.5
USW00093107,254437,nan,22.0
USW00093107,254473,nan,16.5
USW00093107,254625,nan,24.0
USW00093107,254762,nan,16.5
USW00093107,254826,nan,18.0
USW00093107,254901,nan,18.0
USW00093107,254952,nan,23.5
USW00093107,254957,nan,19.0
USW00093107,254997,nan,17.0
USW00093107,255152,nan,18.0
USW00093107,255236,nan,16.0
USW00093107,255323,nan,21.5
USW00093107,255383,nan,17.5
USW00093107,255493,nan,15.0
USW00093107,255501,nan,28.5
USW00093107,255656,nan,15.5
USW00093107,255698,nan,12.0
USW00093107,255954,nan,14.0
USW00093107,255967,nan,12.5
USW00093107,256053,nan,11.5
USW00093107,256055,nan,12.0
USW00093107,256057,nan,11.5
USW00093107,256071,nan,20.0
USW00093107,256111,nan,13.0
USW00093107,256141,nan,10.5
USW00093107,256165,nan,12.0
USW00093107,256264,nan,7.0
USW00093107,256517,nan,7.5
USW00093107,256558,nan,15.5
USW00093107,256601,nan,20.5
USW00093107,256656,nan,11.0
USW00093107,256690,nan,12.0
USW00093107,256899,nan,16.0
USW00093110,257719,nan,17.5
USW00093110,261160,nan,13.0
USW00093110,262721,nan,15.5
USW00093110,264046,nan,14.0
USW00093110,264795,nan,17.0
USW00093110,265055,nan,12.0
USW00093110,265365,nan,14.0
USW00093111,266494,nan,10.95
USW00093111,266758,nan,6.5
USW00093111,266769,nan,14.0
USW00093111,267279,nan,14.0
USW00093111,267309,nan,14.0
USW00093111,267599,nan,17.0
USW00093111,267904,nan,15.3
USW00093111,267923,nan,15.55
USW00093111,269546,nan,21.5
USW00093111,269600,nan,21.5
USW00093111,270843,nan,16.0
USW00093111,272133,nan,12.5
USW00093111,272189,nan,17.5
USW00093112,273170,nan,14.0
USW00093112,273856,nan,16.5
USW00093112,276115,nan,13.4
USW00093112,278239,nan,23.5
USW00093112,279031,nan,22.0
USW00093112,279158,nan,19.5
USW00093115,282263,nan,14.5
USW00093115,283307,nan,17.5
USW00093115,283368,nan,19.0
USW00093115,283802,nan,19.5
USW00093115,284448,nan,22.5
USW00093116,285702,nan,11.5
USW00093116,286182,nan,16.0
USW00093116,286195,nan,14.0
USW00093116,286247,nan,15.5
USW00093116,286706,nan,15.5
USW00093116,286917,nan,18.0
USW00093116,287264,nan,18.5
USW00093117,288930,nan,12.0
USW00093117,289108,nan,12.5
USW00093117,289391,nan,9.0
USW00093117,289550,nan,13.5
USW00093117,289611,nan,12.5
USW00093117,289728,nan,16.5
USW00093117,290111,nan,18.5
USW00093117,290346,nan,22.5
USW00093117,290424,nan,21.5
USW00093117,290446,nan,21.0
USW00093117,290462,nan,23.0
USW00093117,291069,nan,18.0
USW00093117,291119,nan,19.0
USW00093117,291603,nan,17.0
USW00093117,291626,nan,19.0
USW00093117,291969,nan,17.0
USW00093121,292060,nan,12.1
USW00093121,292108,nan,17.5
USW00093121,292218,nan,5.15
USW00093121,293197,nan,15.4
USW00093121,293350,nan,17.0
USW00093121,293496,nan,21.4
USW00093121,294033,nan,11.9
USW00093121,294450,nan,27.65
USW00093121,294852,nan,31.9
USW00093121,295403,nan,28.5
USW00093121,295592,nan,32.0
USW00093121,295594,nan,30.0
USW00093121,295615,nan,35.5
USW00093121,295836,nan,29.0
USW00093121,296132,nan,38.0
USW00093121,297093,nan,31.0
USW00093121,297110,nan,28.5
USW00093121,297259,nan,20.5
USW00093121,297694,nan,21.0
USW00093121,297732,nan,14.0
USW00093121,297805,nan,7.5
USW00093121,298022,nan,7.5
USW00093134,302045,nan,18.049999999999997
USW00093134,310326,nan,16.05
USW00093134,310328,nan,16.0
USW00093134,310330,nan,15.5
USW00093134,311555,nan,15.8
USW00093138,317270,nan,23.5
USW00093144,324064,nan,8.5
USW00093144,326134,nan,9.0
USW00093144,326211,nan,19.0
USW00093144,326293,nan,24.5
USW00093144,326647,nan,8.0
USW00093144,328389,nan,24.5
USW00093144,328844,nan,29.5
USW00093144,329921,nan,26.5
USW00093144,331912,nan,28.0
USW00093144,333505,nan,22.0
USW00093144,333943,nan,17.5
USW00093144,335230,nan,25.5
USW00093144,335352,nan,15.5
USW00093144,335434,nan,8.0
USW00093144,335667,nan,14.0
USW00093144,335711,nan,18.0
USW00093144,336262,nan,7.5
USW00093144,336264,nan,8.5
USW00093144,336267,nan,10.5
USW00093144,336270,nan,12.5
USW00093144,336541,nan,6.5
USW00093144,336671,nan,7.0
USW00093144,336689,nan,9.0
USW00093144,336692,nan,10.0
USW00093144,336700,nan,13.0
USW00093144,336702,nan,12.5
USW00093144,336704,nan,11.5
USW00093144,336714,nan,9.0
USW00093144,336812,nan,14.5
USW00093144,336843,nan,7.5
USW00093144,337089,nan,8.0
USW00093144,337129,nan,9.0
USW00093144,337543,nan,1.0
USW00093144,337650,nan,10.5
USW00093184,338397,nan,15.0
USW00093184,340239,nan,15.0
USW00093184,340665,nan,17.0
USW00093184,344734,nan,18.0
USW00093184,345260,nan,14.5
USW00093184,345480,nan,16.5
USW00093193,350910,nan,36.55
USW00093194,358030,nan,9.0
USW00093194,358057,nan,24.0
USW00093194,358164,nan,13.5
USW00093194,358238,nan,11.0
USW00093194,358286,nan,9.5
USW00093194,358309,nan,27.0
USW00093194,358422,nan,33.0
USW00093194,358584,nan,29.0
USW00093194,358863,nan,35.5
USW00093194,358945,nan,31.5
USW00093194,359015,nan,34.0
USW00093194,359091,nan,29.0
USW00093194,359099,nan,32.0
USW00093194,359116,nan,37.0
USW00093194,359361,nan,29.5
USW00093194,359403,nan,32.0
USW00093194,359571,nan,29.0
USW00093197,360774,nan,22.5
USW00093197,362067,nan,19.0
USW00093197,362588,nan,14.0
USW00093197,362721,nan,15.5
USW00093197,363874,nan,18.0
USW00093197,364097,nan,17.5
USW00093197,364204,nan,20.0
USW00093197,364434,nan,21.0
USW00093197,365460,nan,23.0
USW00093197,365965,nan,21.5
USW00093197,366986,nan,17.0
USW00093197,367047,nan,16.0
USW00093197,367050,nan,16.0
USW00093197,367084,nan,22.0
USW00093197,367091,nan,19.5
USW00093197,368538,nan,16.0
USW00093197,368656,nan,11.5
USW00093201,369305,nan,-0.5
USW00093201,369334,nan,3.5
USW00093201,369400,nan,4.5
USW00093201,369448,nan,1.0
USW00093201,369536,nan,10.5
USW00093201,369633,nan,12.5
USW00093201,369780,nan,-5.0
USW00093201,369884,nan,6.0
USW00093201,369886,nan,5.0
USW00093201,369888,nan,3.5
USW00093201,369964,nan,-5.0
USW00093201,370187,nan,-9.5
USW00093201,370260,nan,3.0
USW00093201,370299,nan,-1.0
USW00093201,370635,nan,0.0
USW00093201,370762,nan,1.0
USW00093201,371175,nan,8.5
USW00093201,371267,nan,-3.5
USW00093201,371514,nan,7.5
USW00093201,371748,nan,-3.5
USW00093201,371752,nan,-4.5
USW00093201,372055,nan,-1.0
USW00093201,372060,nan,0.0
USW00093201,372063,nan,0.0
USW00093201,372068,nan,1.0
USW00093201,372458,nan,5.5
USW00093201,373047,nan,17.0
USW00093201,373158,nan,17.5
USW00093201,373676,nan,13.0
USW00093201,374287,nan,25.5
USW00093201,375718,nan,27.0
USW00093201,375722,nan,29.0
USW00093201,376363,nan,17.0
USW00093201,376374,nan,9.5
USW00093201,376661,nan,16.0
USW00093201,377259,nan,15.0
USW00093201,377924,nan,27.0
USW00093201,379677,nan,5.5
USW00093201,380201,nan,13.5
USW00093201,380319,nan,13.0
USW00093201,380378,nan,6.0
USW00093201,380384,nan,11.0
USW00093201,380413,nan,5.0
USW00093201,380485,nan,9.0
USW00093201,380550,nan,0.5
USW00093201,380588,nan,3.0
USW00093201,380731,nan,-5.0
USW00093201,380735,nan,-1.5
USW00093201,380767,nan,-4.5
USW00093201,380771,nan,-0.5
USW00093201,380799,nan,-7.0
USW00093201,380801,nan,-6.5
USW00093201,380803,nan,-4.5
USW00093201,380806,nan,1.0
USW00093201,380809,nan,7.0
USW00093201,380838,nan,2.0
USW00093201,380844,nan,4.0
USW00093201,380876,nan,1.5
USW00093201,380929,nan,0.5
USW00093201,380935,nan,4.5
USW00093201,380961,nan,1.0
USW00093201,380963,nan,1.0
USW00093201,380982,nan,-1.0
USW00093201,380984,nan,-1.5
USW00093201,380987,nan,-2.0
USW00093201,381009,nan,-8.0
USW00093201,381016,nan,-4.0
USW00093201,381050,nan,-20.5
USW00093201,381053,nan,-17.0
USW00093201,381055,nan,-13.5
USW00093201,381120,nan,0.0
USW00093201,381125,nan,1.0
USW00093201,381156,nan,1.5
USW00093205,387224,nan,12.5
USW00093205,388180,nan,16.0
USW00093205,388206,nan,15.5
USW00093205,388213,nan,26.0
USW00093205,388330,nan,20.0
USW00093205,388364,nan,21.5
USW00093205,388483,nan,19.0
USW00093205,388504,nan,21.5
USW00093205,388513,nan,29.5
USW00093205,389030,nan,20.5
USW00093205,389037,nan,36.5
USW00093205,389106,nan,34.5
USW00093205,389117,nan,34.0
USW00093205,389141,nan,24.5
USW00093205,389246,nan,19.0
USW00093205,389262,nan,25.5
USW00093205,389489,nan,29.5
USW00093205,389503,nan,24.5
USW00093205,389550,nan,24.5
USW00093205,389587,nan,36.0
USW00093205,389811,nan,32.0
USW00093205,390171,nan,22.5
USW00093205,390626,nan,22.5
USW00093205,390653,nan,21.0
USW00093205,390674,nan,25.5
USW00093205,391129,nan,21.0
USW00093205,391149,nan,17.5
USW00093205,391372,nan,23.0
USW00093205,391771,nan,11.5
USW00093205,392288,nan,9.0
USW00093205,392732,nan,13.0
USW00093205,392928,nan,11.0
USW00093205,393012,nan,11.5
USW00093205,393275,nan,7.5
USW00093205,393412,nan,7.5
USW00093205,393418,nan,7.5
USW00093206,395390,nan,12.0
USW00093206,399585,nan,19.5
USW00093206,399725,nan,20.0
USW00093206,400113,nan,14.0
USW00093206,400591,nan,8.5
USW00093206,400793,nan,9.0
USW00093206,401017,nan,3.0
USW00093206,401119,nan,17.0
USW00093206,401315,nan,17.0
USW00093209,405458,nan,18.05
USW00093209,405460,nan,19.15
USW00093209,408443,nan,10.8
USW00093209,410105,nan,-3.5
USW00093209,410107,nan,-4.5
USW00093209,410109,nan,-4.5
USW00093209,410111,nan,-3.5
USW00093209,410113,nan,-2.5
USW00093209,410115,nan,-2.0
USW00093209,410117,nan,-2.0
USW00093209,410476,nan,8.15
USW00093209,410584,nan,4.5
USW00093209,410929,nan,10.85
USW00093209,411064,nan,13.600000000000001
USW00093209,411114,nan,13.5
USW00093209,411342,nan,2.65
USW00093209,411478,nan,9.5
USW00093209,411510,nan,7.5
USW00093209,411551,nan,3.5
USW00093210,413914,nan,14.5
USW00093210,415887,nan,31.0
USW00093210,415913,nan,36.5
USW00093210,416403,nan,25.0
USW00093210,416427,nan,30.0
USW00093210,417985,nan,19.5
USW00093214,421086,nan,12.0
USW00093214,422362,nan,16.0
USW00093214,422753,nan,24.0
USW00093214,423893,nan,17.5
USW00093216,425651,nan,12.5
USW00093216,428504,nan,11.0
USW00093216,428747,nan,7.5
USW00093225,430306,nan,13.5
USW00093225,430515,nan,12.0
USW00093225,432087,nan,15.5
USW00093225,432244,nan,34.0
USW00093226,438488,nan,13.0
USW00093226,439364,nan,15.5
USW00093226,439402,nan,11.5
USW00093226,440435,nan,10.5
USW00093226,443240,nan,16.5
USW00093226,445282,nan,12.0
USW00093227,447463,nan,15.3
USW00093227,448045,nan,23.049999999999997
USW00093227,448238,nan,6.4
USW00093227,448813,nan,11.7
USW00093227,450115,nan,16.4
USW00093227,451338,nan,14.2
USW00093227,452818,nan,8.7
USW00093227,453010,nan,8.5
USW00093227,453376,nan,27.25
USW00093227,453378,nan,27.8
USW00093227,454069,nan,1.9
USW00093227,454074,nan,2.35
USW00093227,454076,nan,3.35
USW00093227,454079,nan,5.5
USW00093228,464587,nan,13.95
USW00093230,466353,nan,-0.8
USW00093230,467296,nan,-1.05
USW00093230,467558,nan,-0.8
USW00093230,467571,nan,-1.0
USW00093230,468211,nan,7.75
USW00093230,473590,nan,2.25
USW00093230,473867,nan,0.55
USW00093230,474580,nan,-1.05
USW00093231,474707,nan,14.5
USW00093231,474776,nan,15.5
USW00093231,474902,nan,12.5
USW00093231,475033,nan,11.0
USW00093231,475057,nan,14.5
USW00093231,475752,nan,13.5
USW00093231,475831,nan,21.5
USW00093231,476051,nan,13.0
USW00093231,476053,nan,13.0
USW00093231,476134,nan,17.5
USW00093231,476344,nan,15.0
USW00093231,476361,nan,14.5
USW00093231,476494,nan,19.0
USW00093231,476501,nan,18.0
USW00093231,476607,nan,22.0
USW00093231,476714,nan,19.5
USW00093231,476763,nan,29.5
USW00093231,476981,nan,27.0
USW00093231,477013,nan,17.0
USW00093231,477027,nan,17.5
USW00093231,477158,nan,21.0
USW00093231,477198,nan,24.5
USW00093231,477281,nan,13.0
USW00093231,477632,nan,18.0
USW00093231,477696,nan,19.0
USW00093231,477970,nan,20.5
USW00093231,478613,nan,24.0
USW00093231,478729,nan,14.0
USW00093231,478874,nan,16.5
USW00093231,479015,nan,8.5
USW00093231,479052,nan,17.0
USW00093231,479245,nan,14.0
USW00093231,479252,nan,14.5
USW00093231,479269,nan,13.5
USW00093231,479272,nan,12.0
USW00093231,479431,nan,13.5
USW00093231,479485,nan,18.0
USW00093231,479806,nan,10.0
USW00093232,480119,nan,7.5
USW00093232,480890,nan,18.5
USW00093232,481056,nan,14.5
USW00093232,481070,nan,14.0
USW00093232,481372,nan,13.5
USW00093232,481646,nan,18.5
USW00093232,481674,nan,19.5
USW00093232,482125,nan,31.0
USW00093232,482962,nan,17.5
USW00093232,483189,nan,20.5
USW00093232,484497,nan,12.0
USW00093232,484730,nan,11.5
USW00093232,484881,nan,12.5
USW00093232,484982,nan,19.5
USW00093232,485356,nan,11.5
USW00093232,485359,nan,11.5
USW00093241,488105,nan,12.0
USW00093241,489708,nan,26.0
USW00093241,491452,nan,21.5
USW00093241,492698,nan,7.5
USW00093241,492861,nan,12.5
USW00093241,493318,nan,9.0
USW00093242,500309,nan,23.5
USW00093242,501309,nan,7.0
USW00093242,501411,nan,13.0
USW00093242,501425,nan,4.5
USW00093242,501462,nan,18.5
USW00093242,502415,nan,11.0
USW00093242,502508,nan,10.0
USW00094299,507351,nan,28.5
USW00094299,510187,nan,6.5
USW00094299,510579,nan,-6.0
