Station_ID,Index,Original_Temperature,Filled_Temperature
USW00023224,1271,nan,18.5
USW00023224,1273,nan,19.0
USW00023224,6737,nan,21.0
USW00023224,7331,nan,34.0
USW00023224,7340,nan,30.5
USW00023224,7424,nan,31.5
USW00023224,10632,nan,29.5
USW00023225,17514,nan,13.850000000000001
USW00023225,19863,nan,6.15
USW00023232,36622,nan,11.7
USW00023232,43884,nan,12.25
USW00023233,44623,nan,8.9
USW00023233,44772,nan,10.3
USW00023233,44785,nan,7.2
USW00023233,44788,nan,8.05
USW00023233,44929,nan,11.399999999999999
USW00023233,44934,nan,10.85
USW00023233,47870,nan,11.95
USW00023233,48310,nan,12.2
USW00023233,49089,nan,13.649999999999999
USW00023233,49451,nan,12.9
USW00023233,49477,nan,16.65
USW00023237,64961,nan,3.0500000000000003
USW00023237,65159,nan,6.4
USW00023237,65207,nan,10.85
USW00023237,65447,nan,8.9
USW00023237,65474,nan,9.4
USW00023237,65476,nan,9.4
USW00023237,65479,nan,9.7
USW00023237,65483,nan,10.0
USW00023237,65514,nan,11.399999999999999
USW00023237,65911,nan,5.3
USW00023237,65918,nan,9.45
USW00023237,65948,nan,4.15
USW00023237,65956,nan,4.15
USW00023237,66046,nan,8.35
USW00023237,66975,nan,20.0
USW00023237,73935,nan,10.8
USW00023237,74103,nan,1.7
USW00023237,74655,nan,6.1
USW00023237,74768,nan,5.0
USW00023237,74770,nan,5.55
USW00023237,74799,nan,3.5999999999999996
USW00023237,74822,nan,9.4
USW00023237,74835,nan,7.8
USW00023237,74910,nan,3.05
USW00023237,75144,nan,13.600000000000001
USW00023237,75169,nan,9.15
USW00023237,75172,nan,9.7
USW00023237,75252,nan,14.15
USW00023243,78983,nan,17.75
USW00023243,80919,nan,18.9
USW00023254,96066,nan,12.5
USW00023254,98307,nan,22.799999999999997
USW00023258,115538,nan,19.450000000000003
USW00023258,118153,nan,23.049999999999997
USW00023258,123221,nan,12.75
USW00023259,123923,nan,14.15
USW00023259,124050,nan,14.7
USW00023259,124278,nan,11.95
USW00023259,124282,nan,11.1
USW00023259,124290,nan,9.7
USW00023259,125632,nan,9.45
USW00023259,125724,nan,8.600000000000001
USW00023259,126422,nan,16.1
USW00023259,126426,nan,16.1
USW00023259,127161,nan,15.0
USW00023259,127389,nan,12.8
USW00023259,128109,nan,10.85
USW00023259,129501,nan,15.0
USW00023259,129689,nan,12.5
USW00023259,129756,nan,12.5
USW00023259,129759,nan,12.2
USW00023259,129761,nan,12.2
USW00023259,129836,nan,12.2
USW00023259,129868,nan,11.95
USW00023259,130107,nan,11.95
USW00023259,130112,nan,11.7
USW00023259,130115,nan,11.55
USW00023259,130120,nan,10.85
USW00023259,130187,nan,12.8
USW00023259,130368,nan,12.8
USW00023259,130407,nan,13.05
USW00023259,130962,nan,12.8
USW00023259,131365,nan,12.2
USW00023259,131453,nan,9.7
USW00023259,131456,nan,10.85
USW00023259,131483,nan,11.05
USW00023259,132058,nan,11.85
USW00023259,132061,nan,10.6
USW00023259,132234,nan,11.399999999999999
USW00023259,132242,nan,10.0
USW00023259,132366,nan,11.95
USW00023259,132981,nan,9.4
USW00023273,140537,nan,21.4
USW00023273,143383,nan,23.9
USW00023273,143557,nan,18.6
USW00023273,143561,nan,24.75
USW00023277,158190,nan,15.0
USW00023277,160670,nan,11.7
USW00023277,161625,nan,15.3
USW00023289,178773,nan,22.5
USW00023289,180010,nan,10.0
USW00024213,189222,nan,12.75
USW00024213,189230,nan,8.600000000000001
USW00024213,189232,nan,9.15
USW00024213,189250,nan,15.3
USW00024213,189274,nan,11.149999999999999
USW00024213,189282,nan,7.800000000000001
USW00024213,189338,nan,12.2
USW00024213,189362,nan,10.0
USW00024213,189364,nan,15.0
USW00024213,189373,nan,10.8
USW00024213,189377,nan,12.8
USW00024213,189379,nan,11.399999999999999
USW00024213,189383,nan,15.0
USW00024213,189392,nan,11.95
USW00024213,189415,nan,9.7
USW00024213,189502,nan,10.55
USW00024213,189535,nan,13.05
USW00024213,189590,nan,5.800000000000001
USW00024213,189614,nan,9.75
USW00024213,189664,nan,7.5
USW00024213,189669,nan,6.3500000000000005
USW00024213,189725,nan,6.95
USW00024213,189756,nan,9.2
USW00024213,189767,nan,5.3
USW00024213,189859,nan,13.3
USW00024213,189864,nan,12.5
USW00024213,189986,nan,13.350000000000001
USW00024213,190014,nan,6.4
USW00024213,190042,nan,9.7
USW00024213,190073,nan,10.55
USW00024213,190075,nan,11.1
USW00024213,190136,nan,14.7
USW00024213,190138,nan,15.3
USW00024213,190147,nan,11.95
USW00024213,190155,nan,13.600000000000001
USW00024213,190182,nan,11.1
USW00024213,190215,nan,9.45
USW00024213,190217,nan,5.3
USW00024213,190251,nan,11.399999999999999
USW00024213,190261,nan,11.399999999999999
USW00024213,190295,nan,11.95
USW00024213,190297,nan,11.149999999999999
USW00024213,190299,nan,12.5
USW00024213,190339,nan,15.3
USW00024213,190373,nan,12.25
USW00024213,190383,nan,12.5
USW00024213,190385,nan,11.95
USW00024213,190400,nan,13.05
USW00024213,190456,nan,13.6
USW00024213,190548,nan,13.6
USW00024213,190576,nan,16.950000000000003
USW00024213,190600,nan,12.75
USW00024213,190665,nan,11.7
USW00024213,190700,nan,13.600000000000001
USW00024213,190724,nan,12.5
USW00024213,190726,nan,12.2
USW00024213,190777,nan,13.05
USW00024213,190785,nan,13.350000000000001
USW00024213,190810,nan,13.350000000000001
USW00024213,190818,nan,13.600000000000001
USW00024213,190820,nan,13.850000000000001
USW00024213,190828,nan,11.7
USW00024213,190830,nan,12.5
USW00024213,190894,nan,14.15
USW00024213,190896,nan,14.75
USW00024213,190899,nan,14.45
USW00024213,190908,nan,13.05
USW00024213,190939,nan,13.05
USW00024213,190972,nan,12.25
USW00024213,190998,nan,13.9
USW00024213,191005,nan,11.1
USW00024213,191007,nan,14.15
USW00024213,191103,nan,16.95
USW00024213,191108,nan,14.2
USW00024213,191115,nan,14.45
USW00024213,191123,nan,16.4
USW00024213,191126,nan,16.4
USW00024213,191130,nan,13.600000000000001
USW00024213,191138,nan,10.25
USW00024213,191200,nan,9.45
USW00024213,191229,nan,11.95
USW00024213,191232,nan,10.55
USW00024213,191257,nan,15.0
USW00024213,191286,nan,11.1
USW00024213,191378,nan,10.6
USW00024213,191380,nan,11.149999999999999
USW00024213,191457,nan,11.399999999999999
USW00024213,191459,nan,9.75
USW00024213,191466,nan,11.1
USW00024213,191488,nan,5.3
USW00024213,191498,nan,12.25
USW00024213,191502,nan,12.25
USW00024213,191522,nan,16.1
USW00024213,191561,nan,10.0
USW00024213,191571,nan,14.2
USW00024213,191578,nan,9.45
USW00024213,191602,nan,11.95
USW00024213,191648,nan,8.05
USW00024213,191653,nan,9.4
USW00024213,191660,nan,10.55
USW00024215,199336,nan,13.9
USW00024216,205343,nan,21.15
USW00024216,206033,nan,14.7
USW00024216,208750,nan,26.65
USW00024216,210960,nan,14.3
USW00024257,213527,nan,20.0
USW00024257,213530,nan,22.8
USW00024257,221644,nan,5.25
USW00024259,223375,nan,13.9
USW00024259,223974,nan,11.9
USW00024283,238744,nan,15.850000000000001
USW00024286,249377,nan,15.850000000000001
USW00024286,249681,nan,15.3
USW00024286,250594,nan,13.600000000000001
USW00053119,256878,nan,10.0
USW00053119,259293,nan,28.9
USW00053119,261364,nan,20.3
USW00053119,264108,nan,11.95
USW00053120,269843,nan,27.2
USW00053121,282187,nan,16.7
USW00053121,282448,nan,21.95
USW00053121,282454,nan,20.6
USW00053130,287163,nan,15.0
USW00053130,287196,nan,21.5
USW00053130,287336,nan,19.5
USW00053130,287617,nan,16.0
USW00053130,288731,nan,27.5
USW00053130,289647,nan,16.5
USW00053130,289929,nan,18.5
USW00053139,290173,nan,10.75
USW00053139,290383,nan,10.9
USW00053139,290602,nan,10.45
USW00053139,290809,nan,13.899999999999999
USW00053139,291036,nan,12.350000000000001
USW00053139,291237,nan,14.55
USW00053139,291458,nan,18.5
USW00053139,291662,nan,14.95
USW00053139,291826,nan,12.0
USW00053139,291947,nan,10.7
USW00053139,292075,nan,9.149999999999999
USW00053139,292254,nan,11.35
USW00053139,292454,nan,12.05
USW00053139,292665,nan,12.35
USW00053139,292874,nan,13.8
USW00053139,293068,nan,14.3
USW00053139,293274,nan,13.75
USW00053139,293470,nan,14.350000000000001
USW00053139,293667,nan,13.85
USW00053139,293872,nan,12.75
USW00053139,294049,nan,12.9
USW00053139,294252,nan,10.8
USW00053139,294464,nan,9.95
USW00053139,294679,nan,11.3
USW00053139,294883,nan,10.35
USW00053139,295105,nan,15.3
USW00053139,295328,nan,12.399999999999999
USW00053139,295542,nan,12.45
USW00053139,295773,nan,15.7
USW00053139,295982,nan,16.9
USW00053139,296195,nan,15.85
USW00053139,296402,nan,15.6
USW00053139,296624,nan,15.649999999999999
USW00053139,296838,nan,17.799999999999997
USW00053139,297060,nan,16.65
USW00053139,297286,nan,19.45
USW00053139,297516,nan,17.35
USW00053139,297744,nan,20.4
USW00053139,297951,nan,17.3
USW00053139,298173,nan,16.75
USW00053139,298389,nan,15.8
USW00053139,298606,nan,16.25
USW00053139,298810,nan,14.600000000000001
USW00053139,299004,nan,14.25
USW00053139,299189,nan,14.95
USW00053139,299383,nan,14.3
USW00053139,299589,nan,15.25
USW00053139,299799,nan,12.85
USW00053139,300020,nan,10.95
USW00053139,300242,nan,17.75
USW00053139,300408,nan,9.149999999999999
USW00053139,300575,nan,9.0
USW00053139,300772,nan,8.55
USW00053139,300962,nan,11.25
USW00053139,301151,nan,9.9
USW00053139,301348,nan,9.0
USW00053139,301562,nan,10.1
USW00053139,301764,nan,17.25
USW00053139,301923,nan,8.149999999999999
USW00053139,302140,nan,12.95
USW00053139,302333,nan,20.6
USW00053139,302527,nan,19.200000000000003
USW00053139,302712,nan,12.649999999999999
USW00053139,302897,nan,12.600000000000001
USW00053139,303103,nan,13.8
USW00053139,303317,nan,11.25
USW00053139,303533,nan,14.0
USW00053139,303747,nan,15.95
USW00053139,303978,nan,17.25
USW00053139,304174,nan,16.2
USW00053139,304343,nan,19.5
USW00053139,304547,nan,18.85
USW00053139,304748,nan,22.6
USW00053139,304949,nan,16.45
USW00053139,305138,nan,16.35
USW00053139,305335,nan,18.55
USW00053139,305510,nan,13.149999999999999
USW00053139,305683,nan,16.950000000000003
USW00053139,305888,nan,14.8
USW00053139,306076,nan,18.55
USW00053139,306232,nan,20.65
USW00053139,306420,nan,21.6
USW00053139,306618,nan,20.0
USW00053139,306818,nan,15.55
USW00053139,307001,nan,17.05
USW00053139,307196,nan,17.6
USW00053139,307366,nan,23.55
USW00053139,307583,nan,23.200000000000003
USW00053139,307793,nan,27.15
USW00053139,307985,nan,25.45
USW00053139,308191,nan,24.65
USW00053139,308403,nan,23.6
USW00053139,308591,nan,25.95
USW00053139,308782,nan,23.0
USW00053139,309002,nan,26.299999999999997
USW00053139,309209,nan,26.55
USW00053139,309409,nan,26.549999999999997
USW00053139,309606,nan,26.65
USW00053139,309823,nan,26.4
USW00053139,310032,nan,24.6
USW00053139,310241,nan,32.8
USW00053139,310451,nan,26.799999999999997
USW00053139,310626,nan,18.25
USW00053139,310821,nan,21.85
USW00053139,311034,nan,22.7
USW00053139,311242,nan,27.700000000000003
USW00053139,311439,nan,17.05
USW00053139,311626,nan,18.05
USW00053139,311813,nan,24.4
USW00053139,311987,nan,20.6
USW00053139,312203,nan,25.35
USW00053139,312410,nan,26.0
USW00053139,312627,nan,27.9
USW00053139,312838,nan,30.5
USW00053139,313039,nan,28.85
USW00053139,313256,nan,29.5
USW00053139,313456,nan,31.6
USW00053139,313682,nan,24.5
USW00053139,313884,nan,24.45
USW00053139,314085,nan,22.85
USW00053139,314251,nan,22.95
USW00053139,314412,nan,18.2
USW00053139,314593,nan,22.65
USW00053139,314806,nan,27.2
USW00053139,315014,nan,29.0
USW00053139,315220,nan,31.2
USW00053139,315441,nan,32.3
USW00053139,315632,nan,29.2
USW00053139,315854,nan,32.55
USW00053139,316082,nan,32.0
USW00053139,316290,nan,30.35
USW00053139,316492,nan,25.45
USW00053139,316678,nan,25.45
USW00053139,316861,nan,28.35
USW00053139,317021,nan,26.0
USW00053139,317224,nan,28.049999999999997
USW00053139,317429,nan,27.3
USW00053139,317640,nan,27.65
USW00053139,317842,nan,32.4
USW00053139,318049,nan,28.2
USW00053139,318252,nan,30.9
USW00053139,318432,nan,28.1
USW00053139,318616,nan,30.0
USW00053139,318809,nan,30.799999999999997
USW00053139,319013,nan,31.3
USW00053139,319215,nan,24.05
USW00053139,319416,nan,23.4
USW00053139,319620,nan,30.25
USW00053139,319809,nan,33.9
USW00053139,320009,nan,36.05
USW00053139,320219,nan,32.8
USW00053139,320429,nan,27.1
USW00053139,320639,nan,32.9
USW00053139,320849,nan,33.8
USW00053139,321057,nan,36.95
USW00053139,321270,nan,36.900000000000006
USW00053139,321490,nan,34.8
USW00053139,321703,nan,32.349999999999994
USW00053139,321894,nan,31.0
USW00053139,322102,nan,33.6
USW00053139,322325,nan,31.3
USW00053139,322508,nan,31.549999999999997
USW00053139,322716,nan,32.75
USW00053139,322926,nan,38.05
USW00053139,323151,nan,37.150000000000006
USW00053139,323367,nan,36.55
USW00053139,323580,nan,33.95
USW00053139,323776,nan,30.35
USW00053139,323996,nan,27.450000000000003
USW00053139,324206,nan,33.849999999999994
USW00053139,324414,nan,31.950000000000003
USW00053139,324632,nan,38.0
USW00053139,324848,nan,40.2
USW00053139,325060,nan,39.0
USW00053139,325282,nan,39.95
USW00053139,325494,nan,37.4
USW00053139,325709,nan,38.6
USW00053139,325913,nan,37.900000000000006
USW00053139,326110,nan,35.650000000000006
USW00053139,326320,nan,35.349999999999994
USW00053139,326530,nan,36.45
USW00053139,326742,nan,36.75
USW00053139,326947,nan,37.8
USW00053139,327165,nan,37.55
USW00053139,327367,nan,37.45
USW00053139,327578,nan,36.150000000000006
USW00053139,327792,nan,37.3
USW00053139,327998,nan,44.2
USW00053139,328210,nan,40.9
USW00053139,328404,nan,43.05
USW00053139,328601,nan,41.05
USW00053139,328793,nan,34.8
USW00053139,328975,nan,37.0
USW00053139,329165,nan,34.9
USW00053139,329356,nan,39.349999999999994
USW00053139,329525,nan,40.6
USW00053139,329691,nan,41.25
USW00053139,329880,nan,41.7
USW00053139,330074,nan,43.0
USW00053139,330257,nan,41.3
USW00053139,330447,nan,38.3
USW00053139,330644,nan,39.25
USW00053139,330830,nan,38.650000000000006
USW00053139,331007,nan,38.45
USW00053139,331199,nan,41.4
USW00053139,331396,nan,43.6
USW00053139,331587,nan,43.65
USW00053139,331791,nan,40.95
USW00053139,331996,nan,43.65
USW00053139,332196,nan,40.6
USW00053139,332417,nan,39.05
USW00053139,332629,nan,41.2
USW00053139,332825,nan,37.7
USW00053139,333004,nan,39.8
USW00053139,333195,nan,40.349999999999994
USW00053139,333390,nan,39.9
USW00053139,333599,nan,37.599999999999994
USW00053139,333799,nan,33.9
USW00053139,334014,nan,37.55
USW00053139,334235,nan,38.9
USW00053139,334450,nan,37.05
USW00053139,334660,nan,38.5
USW00053139,334866,nan,38.5
USW00053139,335063,nan,41.05
USW00053139,335250,nan,38.55
USW00053139,335451,nan,38.650000000000006
USW00053139,335653,nan,39.05
USW00053139,335861,nan,39.05
USW00053139,336055,nan,37.8
USW00053139,336241,nan,38.650000000000006
USW00053139,336441,nan,40.0
USW00053139,336633,nan,42.3
USW00053139,336849,nan,38.2
USW00053139,337049,nan,36.55
USW00053139,337262,nan,36.7
USW00053139,337458,nan,35.8
USW00053139,337670,nan,33.8
USW00053139,337887,nan,34.5
USW00053139,338106,nan,32.55
USW00053139,338316,nan,31.25
USW00053139,338526,nan,32.849999999999994
USW00053139,338742,nan,34.8
USW00053139,338948,nan,32.95
USW00053139,339157,nan,32.099999999999994
USW00053139,339374,nan,33.150000000000006
USW00053139,339585,nan,32.75
USW00053139,339786,nan,34.7
USW00053139,339956,nan,34.6
USW00053139,340155,nan,33.3
USW00053139,340357,nan,33.75
USW00053139,340568,nan,34.15
USW00053139,340779,nan,35.650000000000006
USW00053139,340997,nan,33.9
USW00053139,341208,nan,32.650000000000006
USW00053139,341422,nan,32.400000000000006
USW00053139,341638,nan,31.450000000000003
USW00053139,341849,nan,30.65
USW00053139,342060,nan,33.25
USW00053139,342259,nan,31.4
USW00053139,342473,nan,31.9
USW00053139,342695,nan,30.45
USW00053139,342912,nan,30.8
USW00053139,343138,nan,33.05
USW00053139,343355,nan,30.15
USW00053139,343577,nan,31.15
USW00053139,343787,nan,36.75
USW00053139,344005,nan,32.85
USW00053139,344210,nan,31.4
USW00053139,344427,nan,30.75
USW00053139,344638,nan,29.75
USW00053139,344860,nan,28.299999999999997
USW00053139,345080,nan,32.45
USW00053139,345305,nan,30.4
USW00053139,345505,nan,32.5
USW00053139,345687,nan,32.1
USW00053139,345837,nan,30.65
USW00053139,346033,nan,27.450000000000003
USW00053139,346218,nan,26.25
USW00053139,346385,nan,25.85
USW00053139,346567,nan,24.95
USW00053139,346720,nan,23.299999999999997
USW00053139,346900,nan,23.9
USW00053139,347106,nan,24.5
USW00053139,347314,nan,24.200000000000003
USW00053139,347512,nan,25.4
USW00053139,347688,nan,26.450000000000003
USW00053139,347896,nan,24.25
USW00053139,348102,nan,19.5
USW00053139,348310,nan,23.549999999999997
USW00053139,348518,nan,21.95
USW00053139,348737,nan,20.85
USW00053139,348949,nan,20.25
USW00053139,349161,nan,26.1
USW00053139,349367,nan,22.4
USW00053139,349583,nan,25.1
USW00053139,349777,nan,23.65
USW00053139,349990,nan,26.5
USW00053139,350204,nan,22.75
USW00053139,350423,nan,24.9
USW00053139,350648,nan,21.45
USW00053139,350863,nan,23.75
USW00053139,351075,nan,22.450000000000003
USW00053139,351285,nan,25.299999999999997
USW00053139,351453,nan,21.5
USW00053139,351657,nan,18.5
USW00053139,351889,nan,23.25
USW00053139,352112,nan,24.0
USW00053139,352327,nan,26.200000000000003
USW00053139,352538,nan,18.85
USW00053139,352761,nan,20.85
USW00053139,352980,nan,21.35
USW00053139,353209,nan,22.0
USW00053139,353396,nan,18.5
USW00053139,353618,nan,14.649999999999999
USW00053139,353838,nan,10.05
USW00053139,354041,nan,13.5
USW00053139,354261,nan,9.75
USW00053139,354479,nan,14.850000000000001
USW00053139,354694,nan,14.65
USW00053139,354924,nan,14.3
USW00053139,355135,nan,12.8
USW00053139,355357,nan,12.45
USW00053139,355592,nan,13.600000000000001
USW00053139,355807,nan,13.9
USW00053139,356021,nan,13.9
USW00053139,356240,nan,15.0
USW00053139,356454,nan,14.649999999999999
USW00053139,356646,nan,13.55
USW00053139,356863,nan,14.5
USW00053139,357049,nan,13.95
USW00053139,357272,nan,14.45
USW00053139,357487,nan,14.55
USW00053139,357676,nan,14.95
USW00053139,357874,nan,15.5
USW00053139,358067,nan,12.45
USW00053139,358267,nan,14.95
USW00053139,358482,nan,10.85
USW00053139,358672,nan,9.95
USW00053139,358864,nan,12.6
USW00053139,359054,nan,12.399999999999999
USW00053139,359212,nan,11.8
USW00053139,359388,nan,13.65
USW00053139,359592,nan,12.15
USW00053139,359796,nan,12.3
USW00053139,359999,nan,13.4
USW00053139,360214,nan,15.65
USW00053139,360449,nan,15.7
USW00053139,360663,nan,9.8
USW00053139,360875,nan,10.649999999999999
USW00053139,361103,nan,9.8
USW00053139,361325,nan,10.350000000000001
USW00053139,361556,nan,9.3
USW00053139,361762,nan,9.8
USW00053139,361964,nan,10.7
USW00053139,362170,nan,10.7
USW00053139,362382,nan,11.95
USW00053139,362596,nan,13.85
USW00053139,362806,nan,11.5
USW00053139,363026,nan,14.35
USW00053139,363214,nan,16.15
USW00053139,363409,nan,10.7
USW00053139,363607,nan,10.85
USW00053139,363779,nan,10.1
USW00053139,363970,nan,7.3
USW00053139,364175,nan,5.1
USW00053141,364714,nan,10.65
USW00053141,365504,nan,13.85
USW00053141,366250,nan,14.2
USW00053141,371740,nan,17.6
USW00053141,371769,nan,13.75
USW00053141,372450,nan,18.8
USW00053141,372709,nan,9.75
USW00053141,373069,nan,15.85
USW00053141,373079,nan,14.2
USW00053143,374960,nan,14.5
USW00053143,374994,nan,13.5
USW00053143,375387,nan,12.5
USW00053143,376027,nan,14.0
USW00053144,385224,nan,-1.7
USW00053144,386878,nan,14.45
USW00053144,391101,nan,14.8
USW00053144,392858,nan,5.85
USW00053150,393379,nan,8.65
USW00053150,393555,nan,10.05
USW00053150,393715,nan,10.7
USW00053150,393867,nan,8.25
USW00053150,394022,nan,5.4
USW00053150,394142,nan,5.45
USW00053150,394260,nan,3.05
USW00053150,394431,nan,7.15
USW00053150,394552,nan,4.1
USW00053150,394584,nan,4.4
USW00053150,394680,nan,0.1
USW00053150,394838,nan,4.8
USW00053150,395008,nan,8.15
USW00053150,395194,nan,13.45
USW00053150,395382,nan,9.55
USW00053150,395552,nan,9.7
USW00053150,395726,nan,6.5
USW00053150,395891,nan,7.5
USW00053150,396052,nan,9.2
USW00053150,396211,nan,2.0
USW00053150,396359,nan,-4.55
USW00053150,396520,nan,-4.1
USW00053150,396679,nan,-1.55
USW00053150,396860,nan,2.95
USW00053150,397047,nan,2.3
USW00053150,397195,nan,-1.7
USW00053150,397355,nan,-5.4
USW00053150,397543,nan,0.35
USW00053150,397720,nan,11.55
USW00053150,397907,nan,13.1
USW00053150,398100,nan,11.8
USW00053150,398258,nan,10.35
USW00053150,398450,nan,11.6
USW00053150,398636,nan,10.7
USW00053150,398839,nan,11.75
USW00053150,399021,nan,13.05
USW00053150,399213,nan,10.35
USW00053150,399412,nan,7.5
USW00053150,399591,nan,8.55
USW00053150,399758,nan,9.3
USW00053150,399921,nan,12.15
USW00053150,400099,nan,7.05
USW00053150,400277,nan,5.9
USW00053150,400453,nan,-2.1500000000000004
USW00053150,400599,nan,-1.95
USW00053150,400779,nan,-0.2
USW00053150,400931,nan,-2.6500000000000004
USW00053150,401120,nan,3.0
USW00053150,401330,nan,6.0
USW00053150,401505,nan,3.6500000000000004
USW00053150,401695,nan,-8.1
USW00053150,401872,nan,-9.05
USW00053150,402045,nan,-8.2
USW00053150,402228,nan,-7.35
USW00053150,402341,nan,-8.9
USW00053150,402531,nan,-3.85
USW00053150,402720,nan,-5.199999999999999
USW00053150,402898,nan,-3.4
USW00053150,403007,nan,-5.7
USW00053150,403144,nan,-5.5
USW00053150,403308,nan,-3.5
USW00053150,403399,nan,-1.75
USW00053150,403516,nan,-4.45
USW00053150,403648,nan,-6.8
USW00053150,403773,nan,-4.35
USW00053150,403795,nan,-3.6500000000000004
USW00053150,403854,nan,-0.95
USW00053150,403859,nan,-0.15000000000000002
USW00053150,403968,nan,3.4
USW00053150,404139,nan,4.800000000000001
USW00053150,404286,nan,4.199999999999999
USW00053150,404439,nan,2.4
USW00053150,404581,nan,3.4
USW00053150,404716,nan,2.9
USW00053150,404862,nan,3.6
USW00053150,405021,nan,4.05
USW00053150,405056,nan,4.75
USW00053150,405150,nan,-1.4
USW00053150,405245,nan,-3.3
USW00053150,405290,nan,-5.75
USW00053150,405305,nan,-3.5
USW00053150,405378,nan,-4.199999999999999
USW00053150,405474,nan,-6.35
USW00053150,405594,nan,-5.45
USW00053150,405605,nan,-5.9
USW00053150,405680,nan,-2.45
USW00053150,405685,nan,-2.55
USW00053150,405739,nan,-1.9500000000000002
USW00053150,405772,nan,0.0
USW00053150,405924,nan,2.8499999999999996
USW00053150,406088,nan,2.3
USW00053150,406191,nan,3.2
USW00053150,406313,nan,-0.4
USW00053150,406364,nan,1.55
USW00053150,406366,nan,1.95
USW00053150,406374,nan,2.4
USW00053150,406451,nan,-2.75
USW00053150,406487,nan,-4.449999999999999
USW00053150,406489,nan,-4.1
USW00053150,406588,nan,-4.55
USW00053150,406625,nan,-7.05
USW00053150,406760,nan,-3.9499999999999997
USW00053150,406949,nan,2.45
USW00053150,407126,nan,8.0
USW00053150,407293,nan,9.149999999999999
USW00053150,407422,nan,12.85
USW00053150,407469,nan,10.65
USW00053150,407502,nan,9.55
USW00053150,407636,nan,9.05
USW00053150,407817,nan,10.8
USW00053150,407986,nan,6.1
USW00053150,408176,nan,7.35
USW00053150,408355,nan,5.7
USW00053150,408533,nan,7.6
USW00053150,408716,nan,4.199999999999999
USW00053150,408840,nan,8.350000000000001
USW00053150,408865,nan,6.25
USW00053150,408949,nan,1.35
USW00053150,409127,nan,8.05
USW00053150,409312,nan,12.9
USW00053150,409492,nan,7.85
USW00053150,409630,nan,1.05
USW00053150,409680,nan,-4.8
USW00053150,409850,nan,-1.85
USW00053150,410046,nan,7.7
USW00053150,410225,nan,6.4
USW00053150,410397,nan,-1.5
USW00053150,410550,nan,-6.2
USW00053150,410659,nan,1.25
USW00053150,410720,nan,-0.5
USW00053150,410738,nan,0.35
USW00053150,410890,nan,-0.15000000000000002
USW00053150,411071,nan,1.4
USW00053150,411272,nan,8.15
USW00053150,411466,nan,11.350000000000001
USW00053150,411522,nan,13.25
USW00053150,411653,nan,9.45
USW00053150,411849,nan,9.75
USW00053150,412038,nan,12.05
USW00053150,412234,nan,13.7
USW00053150,412429,nan,8.8
USW00053150,412618,nan,2.05
USW00053150,412814,nan,0.8
USW00053150,412994,nan,2.1500000000000004
USW00053150,413163,nan,1.7
USW00053150,413320,nan,1.4
USW00053150,413507,nan,6.550000000000001
USW00053150,413711,nan,8.149999999999999
USW00053150,413903,nan,13.3
USW00053150,414084,nan,11.25
USW00053150,414268,nan,10.850000000000001
USW00053150,414471,nan,13.3
USW00053150,414676,nan,12.7
USW00053150,414860,nan,9.95
USW00053150,415039,nan,10.3
USW00053150,415225,nan,4.699999999999999
USW00053150,415404,nan,6.199999999999999
USW00053150,415574,nan,7.9
USW00053150,415773,nan,7.65
USW00053150,415950,nan,6.1
USW00053150,416051,nan,5.05
USW00053150,416113,nan,3.15
USW00053150,416281,nan,7.0
USW00053150,416294,nan,8.1
USW00053150,416474,nan,9.0
USW00053150,416659,nan,8.399999999999999
USW00053150,416843,nan,7.75
USW00053150,417013,nan,7.8
USW00053150,417177,nan,9.25
USW00053150,417360,nan,9.2
USW00053150,417426,nan,13.25
USW00053150,417545,nan,7.7
USW00053150,417665,nan,1.9500000000000002
USW00053150,417700,nan,3.6
USW00053150,417704,nan,4.8
USW00053150,417787,nan,4.8
USW00053150,417790,nan,4.95
USW00053150,417990,nan,11.3
USW00053150,418184,nan,13.2
USW00053150,418253,nan,18.049999999999997
USW00053150,418373,nan,14.75
USW00053150,418558,nan,8.4
USW00053150,418752,nan,5.449999999999999
USW00053150,418807,nan,10.25
USW00053150,418951,nan,12.649999999999999
USW00053150,419148,nan,18.4
USW00053150,419339,nan,18.15
USW00053150,419508,nan,14.45
USW00053150,419691,nan,12.7
USW00053150,419881,nan,10.45
USW00053150,420080,nan,12.25
USW00053150,420268,nan,13.350000000000001
USW00053150,420461,nan,6.300000000000001
USW00053150,420646,nan,13.350000000000001
USW00053150,420830,nan,16.0
USW00053150,421014,nan,16.85
USW00053150,421208,nan,16.55
USW00053150,421394,nan,15.2
USW00053150,421579,nan,11.9
USW00053150,421770,nan,7.45
USW00053150,421967,nan,8.0
USW00053150,422152,nan,11.8
USW00053150,422215,nan,17.2
USW00053150,422333,nan,14.649999999999999
USW00053150,422525,nan,16.25
USW00053150,422728,nan,19.6
USW00053150,422900,nan,19.65
USW00053150,423073,nan,19.5
USW00053150,423258,nan,19.45
USW00053150,423435,nan,20.1
USW00053150,423627,nan,16.5
USW00053150,423810,nan,14.649999999999999
USW00053150,423994,nan,15.15
USW00053150,424034,nan,14.25
USW00053150,424176,nan,15.55
USW00053150,424354,nan,18.450000000000003
USW00053150,424525,nan,20.0
USW00053150,424562,nan,20.1
USW00053150,424697,nan,18.75
USW00053150,424884,nan,14.2
USW00053150,425075,nan,13.9
USW00053150,425253,nan,18.45
USW00053150,425435,nan,19.799999999999997
USW00053150,425619,nan,19.950000000000003
USW00053150,425787,nan,22.15
USW00053150,425953,nan,20.299999999999997
USW00053150,426140,nan,18.7
USW00053150,426187,nan,19.85
USW00053150,426319,nan,19.85
USW00053150,426363,nan,19.75
USW00053150,426509,nan,18.75
USW00053150,426693,nan,19.7
USW00053150,426864,nan,20.3
USW00053150,427036,nan,19.200000000000003
USW00053150,427197,nan,20.7
USW00053150,427367,nan,20.75
USW00053150,427544,nan,21.35
USW00053150,427709,nan,20.299999999999997
USW00053150,427877,nan,19.6
USW00053150,428046,nan,17.65
USW00053150,428213,nan,20.05
USW00053150,428396,nan,19.75
USW00053150,428568,nan,21.5
USW00053150,428773,nan,23.85
USW00053150,428837,nan,24.299999999999997
USW00053150,428842,nan,24.299999999999997
USW00053150,428955,nan,23.450000000000003
USW00053150,429002,nan,22.25
USW00053150,429139,nan,22.15
USW00053150,429195,nan,23.4
USW00053150,429300,nan,22.05
USW00053150,429464,nan,21.5
USW00053150,429656,nan,21.6
USW00053150,429816,nan,20.75
USW00053150,429978,nan,21.200000000000003
USW00053150,430151,nan,19.95
USW00053150,430321,nan,20.55
USW00053150,430508,nan,16.0
USW00053150,430682,nan,18.45
USW00053150,430867,nan,18.15
USW00053150,431053,nan,19.25
USW00053150,431250,nan,19.4
USW00053150,431454,nan,20.5
USW00053150,431653,nan,20.35
USW00053150,431836,nan,19.950000000000003
USW00053150,432028,nan,19.8
USW00053150,432223,nan,18.5
USW00053150,432551,nan,13.75
USW00053150,432748,nan,13.1
USW00053150,432941,nan,14.4
USW00053150,433144,nan,12.6
USW00053150,433325,nan,12.55
USW00053150,433516,nan,13.6
USW00053150,433714,nan,12.8
USW00053150,433919,nan,10.95
USW00053150,434115,nan,14.75
USW00053150,434233,nan,21.049999999999997
USW00053150,434323,nan,16.5
USW00053150,434511,nan,18.05
USW00053150,434587,nan,23.549999999999997
USW00053150,434696,nan,18.5
USW00053150,434881,nan,18.700000000000003
USW00053150,435064,nan,19.75
USW00053150,435239,nan,20.15
USW00053150,435423,nan,17.950000000000003
USW00053150,435631,nan,16.35
USW00053150,435822,nan,16.5
USW00053150,436013,nan,14.649999999999999
USW00053150,436198,nan,13.7
USW00053150,436375,nan,9.5
USW00053150,436556,nan,9.0
USW00053150,436748,nan,12.55
USW00053150,436920,nan,10.05
USW00053150,437098,nan,11.1
USW00053150,437284,nan,10.55
USW00053150,437478,nan,11.399999999999999
USW00053150,437666,nan,14.45
USW00053150,437733,nan,16.5
USW00053150,437853,nan,15.05
USW00053150,438038,nan,14.6
USW00053150,438220,nan,14.649999999999999
USW00053150,438395,nan,14.5
USW00053150,438574,nan,14.15
USW00053150,438756,nan,17.3
USW00053150,438938,nan,17.85
USW00053150,438990,nan,20.75
USW00053150,439126,nan,17.799999999999997
USW00053150,439322,nan,13.25
USW00053150,439511,nan,7.75
USW00053150,439701,nan,11.75
USW00053150,439881,nan,12.6
USW00053150,440067,nan,9.75
USW00053150,440222,nan,6.0
USW00053150,440229,nan,6.35
USW00053150,440314,nan,6.35
USW00053150,440351,nan,6.699999999999999
USW00053150,440395,nan,8.5
USW00053150,440399,nan,8.55
USW00053150,440516,nan,7.8
USW00053150,440689,nan,6.6
USW00053150,440875,nan,10.05
USW00053150,441067,nan,7.2
USW00053150,441251,nan,7.0
USW00053150,441427,nan,5.15
USW00053150,441570,nan,8.55
USW00053150,441771,nan,11.350000000000001
USW00053150,441954,nan,9.850000000000001
USW00053150,442126,nan,8.149999999999999
USW00053150,442324,nan,9.75
USW00053150,442520,nan,8.45
USW00053150,442709,nan,9.0
USW00053150,442900,nan,9.55
USW00053150,443075,nan,12.2
USW00053150,443240,nan,10.5
USW00053150,443404,nan,11.149999999999999
USW00053150,443565,nan,8.75
USW00053150,443734,nan,9.4
USW00053150,443930,nan,11.55
USW00053150,444114,nan,13.649999999999999
USW00053150,444305,nan,12.0
USW00053150,444480,nan,11.5
USW00053150,444637,nan,8.8
USW00053150,444829,nan,7.15
USW00053150,444990,nan,9.350000000000001
USW00053150,445167,nan,10.05
USW00053150,445345,nan,14.6
USW00053150,445529,nan,13.15
USW00053150,445721,nan,13.05
USW00053150,445910,nan,12.45
USW00053150,446095,nan,11.65
USW00053150,446274,nan,9.149999999999999
USW00053150,446458,nan,7.2
USW00053150,446652,nan,8.149999999999999
USW00053150,446867,nan,6.95
USW00053150,447047,nan,7.85
USW00053150,447242,nan,6.05
USW00053150,447442,nan,7.85
USW00053150,447624,nan,9.1
USW00053150,447811,nan,7.25
USW00053150,447990,nan,9.25
USW00053150,448178,nan,8.75
USW00053150,448352,nan,9.25
USW00053150,448534,nan,6.75
USW00053150,448719,nan,7.8
USW00053150,448885,nan,5.45
USW00053150,449032,nan,0.2
USW00053150,449134,nan,-0.5
USW00053150,449223,nan,3.7
USW00053150,449354,nan,5.5
USW00053150,449558,nan,4.300000000000001
USW00053150,449720,nan,7.0
USW00053150,449875,nan,4.85
USW00053150,449979,nan,0.1
USW00053150,450070,nan,-1.2
USW00053150,450192,nan,-1.35
USW00053150,450331,nan,-4.800000000000001
USW00053150,450469,nan,-3.9000000000000004
USW00053150,450635,nan,0.1
USW00053150,450809,nan,-1.1
USW00053150,450920,nan,0.95
USW00053150,451043,nan,0.9
USW00053150,451216,nan,3.4
USW00053150,451386,nan,6.05
USW00053150,451579,nan,5.35
USW00053150,451771,nan,5.15
USW00053150,451951,nan,5.35
USW00053150,452126,nan,7.4
USW00053150,452307,nan,6.5
USW00053150,452443,nan,4.0
USW00053150,452612,nan,6.15
USW00053150,452766,nan,0.25
USW00053150,452867,nan,1.35
USW00053150,453028,nan,5.4
USW00053150,453214,nan,7.4
USW00053150,453385,nan,6.5
USW00053150,453571,nan,5.800000000000001
USW00053150,453749,nan,6.4
USW00053150,453908,nan,3.45
USW00053150,454057,nan,-3.0
USW00053150,454211,nan,-0.35
USW00053150,454388,nan,0.5
USW00053150,454558,nan,-5.5
USW00053150,454733,nan,1.7999999999999998
USW00053150,454922,nan,5.699999999999999
USW00053150,455091,nan,0.55
USW00053151,455273,nan,12.05
USW00053151,455486,nan,14.4
USW00053151,455689,nan,19.299999999999997
USW00053151,455887,nan,14.45
USW00053151,456082,nan,14.4
USW00053151,456281,nan,15.8
USW00053151,456466,nan,14.0
USW00053151,456647,nan,18.4
USW00053151,456804,nan,13.6
USW00053151,456931,nan,10.45
USW00053151,457080,nan,9.6
USW00053151,457271,nan,14.149999999999999
USW00053151,457458,nan,17.0
USW00053151,457661,nan,17.25
USW00053151,457855,nan,14.75
USW00053151,458054,nan,14.9
USW00053151,458268,nan,13.75
USW00053151,458467,nan,16.75
USW00053151,458659,nan,12.9
USW00053151,458825,nan,9.65
USW00053151,459006,nan,7.1
USW00053151,459192,nan,8.350000000000001
USW00053151,459395,nan,10.5
USW00053151,459602,nan,13.05
USW00053151,459808,nan,11.8
USW00053151,459999,nan,8.850000000000001
USW00053151,460202,nan,11.0
USW00053151,460393,nan,17.95
USW00053151,460586,nan,20.25
USW00053151,460775,nan,19.7
USW00053151,460977,nan,15.55
USW00053151,461175,nan,15.55
USW00053151,461391,nan,17.1
USW00053151,461597,nan,15.95
USW00053151,461806,nan,15.95
USW00053151,462021,nan,17.5
USW00053151,462209,nan,14.350000000000001
USW00053151,462415,nan,17.65
USW00053151,462621,nan,15.649999999999999
USW00053151,462828,nan,18.45
USW00053151,463037,nan,8.9
USW00053151,463195,nan,11.7
USW00053151,463374,nan,12.1
USW00053151,463515,nan,8.0
USW00053151,463711,nan,11.9
USW00053151,463902,nan,11.45
USW00053151,464096,nan,13.75
USW00053151,464290,nan,12.0
USW00053151,464492,nan,12.3
USW00053151,464674,nan,11.2
USW00053151,464841,nan,5.25
USW00053151,465047,nan,4.4
USW00053151,465243,nan,5.75
USW00053151,465425,nan,7.35
USW00053151,465609,nan,5.550000000000001
USW00053151,465814,nan,6.7
USW00053151,466016,nan,9.3
USW00053151,466202,nan,8.4
USW00053151,466389,nan,3.7
USW00053151,466581,nan,7.3
USW00053151,466766,nan,7.449999999999999
USW00053151,466936,nan,10.05
USW00053151,467071,nan,8.1
USW00053151,467271,nan,9.55
USW00053151,467492,nan,12.7
USW00053151,467709,nan,13.0
USW00053151,467901,nan,13.2
USW00053151,468102,nan,14.100000000000001
USW00053151,468273,nan,12.0
USW00053151,468355,nan,11.6
USW00053151,468505,nan,12.7
USW00053151,468668,nan,12.95
USW00053151,468816,nan,14.1
USW00053151,468958,nan,10.3
USW00053151,469124,nan,7.85
USW00053151,469290,nan,9.05
USW00053151,469455,nan,7.4
USW00053151,469651,nan,9.8
USW00053151,469819,nan,11.399999999999999
USW00053151,470020,nan,12.899999999999999
USW00053151,470228,nan,17.55
USW00053151,470378,nan,11.55
USW00053151,470418,nan,14.8
USW00053151,470535,nan,11.55
USW00053151,470678,nan,9.4
USW00053151,470853,nan,7.95
USW00053151,471047,nan,9.55
USW00053151,471257,nan,12.45
USW00053151,471452,nan,13.65
USW00053151,471655,nan,16.15
USW00053151,471871,nan,16.55
USW00053151,472067,nan,11.1
USW00053151,472261,nan,10.649999999999999
USW00053151,472397,nan,12.1
USW00053151,472553,nan,11.4
USW00053151,472731,nan,11.2
USW00053151,472911,nan,11.6
USW00053151,473071,nan,12.05
USW00053151,473233,nan,14.5
USW00053151,473272,nan,15.2
USW00053151,473404,nan,16.65
USW00053151,473622,nan,20.15
USW00053151,473830,nan,17.0
USW00053151,474026,nan,12.7
USW00053151,474205,nan,10.9
USW00053151,474418,nan,16.8
USW00053151,474622,nan,15.7
USW00053151,474828,nan,12.0
USW00053151,474984,nan,8.399999999999999
USW00053151,475208,nan,12.45
USW00053151,475397,nan,10.45
USW00053151,475574,nan,8.4
USW00053151,475775,nan,12.95
USW00053151,476007,nan,17.9
USW00053151,476223,nan,15.55
USW00053151,476435,nan,11.5
USW00053151,476646,nan,10.25
USW00053151,476856,nan,10.850000000000001
USW00053151,477028,nan,11.649999999999999
USW00053151,477209,nan,10.649999999999999
USW00053151,477401,nan,12.3
USW00053151,477568,nan,11.6
USW00053151,477701,nan,11.0
USW00053151,477857,nan,9.75
USW00053151,477995,nan,10.0
USW00053151,478203,nan,14.600000000000001
USW00053151,478422,nan,20.85
USW00053151,478637,nan,16.7
USW00053151,478855,nan,13.65
USW00053151,478903,nan,14.100000000000001
USW00053151,479069,nan,14.55
USW00053151,479277,nan,12.5
USW00053151,479468,nan,12.8
USW00053151,479531,nan,14.05
USW00053151,479671,nan,12.6
USW00053151,479787,nan,11.8
USW00053151,479949,nan,12.3
USW00053151,480117,nan,11.2
USW00053151,480318,nan,11.95
USW00053151,480495,nan,11.649999999999999
USW00053151,480684,nan,12.25
USW00053151,480851,nan,12.25
USW00053151,481026,nan,12.55
USW00053151,481178,nan,13.8
USW00053151,481313,nan,12.75
USW00053151,481346,nan,13.25
USW00053151,481457,nan,12.55
USW00053151,481624,nan,12.9
USW00053151,481781,nan,12.850000000000001
USW00053151,481920,nan,13.25
USW00053151,482090,nan,11.350000000000001
USW00053151,482276,nan,11.850000000000001
USW00053151,482449,nan,12.350000000000001
USW00053151,482633,nan,14.1
USW00053151,482790,nan,13.95
USW00053151,482947,nan,13.5
USW00053151,483115,nan,13.3
USW00053151,483299,nan,14.100000000000001
USW00053151,483507,nan,14.25
USW00053151,483714,nan,13.7
USW00053151,483748,nan,14.350000000000001
USW00053151,483907,nan,14.7
USW00053151,484080,nan,14.9
USW00053151,484241,nan,13.8
USW00053151,484435,nan,14.2
USW00053151,484644,nan,16.75
USW00053151,484846,nan,14.55
USW00053151,485049,nan,17.35
USW00053151,485261,nan,17.200000000000003
USW00053151,485474,nan,16.85
USW00053151,485684,nan,14.4
USW00053151,485905,nan,15.649999999999999
USW00053151,486112,nan,15.75
USW00053151,486250,nan,13.850000000000001
USW00053151,486406,nan,14.4
USW00053151,486611,nan,13.45
USW00053151,486792,nan,14.7
USW00053151,486972,nan,15.75
USW00053151,487149,nan,15.6
USW00053151,487321,nan,16.1
USW00053151,487474,nan,15.149999999999999
USW00053151,487659,nan,13.850000000000001
USW00053151,487852,nan,13.9
USW00053151,488040,nan,15.05
USW00053151,488100,nan,15.5
USW00053151,488250,nan,14.75
USW00053151,488435,nan,14.6
USW00053151,488589,nan,15.649999999999999
USW00053151,488777,nan,13.7
USW00053151,488966,nan,14.45
USW00053151,489167,nan,16.4
USW00053151,489343,nan,15.2
USW00053151,489538,nan,15.6
USW00053151,489762,nan,23.3
USW00053151,489983,nan,25.1
USW00053151,490205,nan,28.299999999999997
USW00053151,490424,nan,22.65
USW00053151,490632,nan,21.25
USW00053151,490836,nan,19.299999999999997
USW00053151,491043,nan,19.05
USW00053151,491249,nan,18.9
USW00053151,491435,nan,18.5
USW00053151,491625,nan,18.95
USW00053151,491808,nan,16.95
USW00053151,491985,nan,18.0
USW00053151,492170,nan,17.950000000000003
USW00053151,492346,nan,18.3
USW00053151,492539,nan,18.5
USW00053151,492712,nan,18.4
USW00053151,492895,nan,18.5
USW00053151,493103,nan,22.45
USW00053151,493316,nan,22.25
USW00053151,493523,nan,20.35
USW00053151,493729,nan,19.05
USW00053151,493932,nan,17.8
USW00053151,494143,nan,19.45
USW00053151,494317,nan,21.45
USW00053151,494527,nan,20.450000000000003
USW00053151,494750,nan,20.3
USW00053151,494957,nan,22.15
USW00053151,495161,nan,20.799999999999997
USW00053151,495366,nan,21.7
USW00053151,495561,nan,21.450000000000003
USW00053151,495775,nan,22.3
USW00053151,495998,nan,22.299999999999997
USW00053151,496216,nan,26.05
USW00053151,496440,nan,21.7
USW00053151,496641,nan,25.450000000000003
USW00053151,496858,nan,24.85
USW00053151,497059,nan,22.0
USW00053151,497254,nan,21.45
USW00053151,497432,nan,19.35
USW00053151,497627,nan,18.85
USW00053151,497810,nan,19.25
USW00053151,497983,nan,19.0
USW00053151,498158,nan,19.3
USW00053151,498337,nan,20.15
USW00053151,498511,nan,19.05
USW00053151,498698,nan,19.200000000000003
USW00053151,498865,nan,18.4
USW00053151,499048,nan,19.65
USW00053151,499242,nan,18.2
USW00053151,499416,nan,18.95
USW00053151,499603,nan,18.2
USW00053151,499775,nan,18.4
USW00053151,499951,nan,17.95
USW00053151,500126,nan,16.700000000000003
USW00053151,500317,nan,17.85
USW00053151,500526,nan,18.9
USW00053151,500726,nan,17.9
USW00053151,500930,nan,17.299999999999997
USW00053151,500982,nan,18.2
USW00053151,501100,nan,17.65
USW00053151,501259,nan,18.200000000000003
USW00053151,501426,nan,17.7
USW00053151,501594,nan,19.1
USW00053151,501763,nan,16.8
USW00053151,501935,nan,17.0
USW00053151,502127,nan,17.9
USW00053151,502345,nan,23.85
USW00053151,502572,nan,14.95
USW00053151,502785,nan,15.5
USW00053151,502974,nan,16.1
USW00053151,503162,nan,16.700000000000003
USW00053151,503375,nan,21.1
USW00053151,503592,nan,19.0
USW00053151,503807,nan,19.1
USW00053151,504011,nan,18.85
USW00053151,504205,nan,18.3
USW00053151,504412,nan,15.25
USW00053151,504466,nan,13.7
USW00053151,504621,nan,15.4
USW00053151,504810,nan,14.350000000000001
USW00053151,505004,nan,17.700000000000003
USW00053151,505203,nan,17.35
USW00053151,505381,nan,17.15
USW00053151,505536,nan,16.35
USW00053151,505701,nan,14.75
USW00053151,505898,nan,16.799999999999997
USW00053151,506088,nan,15.649999999999999
USW00053151,506136,nan,17.5
USW00053151,506141,nan,21.1
USW00053151,506270,nan,16.2
USW00053151,506459,nan,15.95
USW00053151,506665,nan,21.5
USW00053151,506858,nan,23.6
USW00053151,507046,nan,17.4
USW00053151,507210,nan,17.6
USW00053151,507365,nan,16.95
USW00053151,507546,nan,16.1
USW00053151,507696,nan,15.850000000000001
USW00053151,507858,nan,14.7
USW00053151,508040,nan,13.95
USW00053151,508218,nan,14.850000000000001
USW00053151,508400,nan,14.649999999999999
USW00053151,508580,nan,14.95
USW00053151,508762,nan,14.95
USW00053151,508878,nan,14.3
USW00053151,509046,nan,15.95
USW00053151,509236,nan,17.15
USW00053151,509454,nan,16.05
USW00053151,509660,nan,16.95
USW00053151,509867,nan,18.35
USW00053151,510089,nan,20.2
USW00053151,510301,nan,19.15
USW00053151,510498,nan,13.149999999999999
USW00053151,510555,nan,14.7
USW00053151,510684,nan,14.5
USW00053151,510877,nan,15.0
USW00053151,510926,nan,15.4
USW00053151,511058,nan,16.299999999999997
USW00053151,511257,nan,18.9
USW00053151,511468,nan,21.3
USW00053151,511687,nan,19.2
USW00053151,511890,nan,19.4
USW00053151,512081,nan,14.149999999999999
USW00053151,512266,nan,14.85
USW00053151,512474,nan,16.299999999999997
USW00053151,512689,nan,18.4
USW00053151,512903,nan,19.5
USW00053151,513108,nan,20.25
USW00053151,513324,nan,15.3
USW00053151,513489,nan,15.05
USW00053151,513649,nan,13.350000000000001
USW00053151,513818,nan,14.95
USW00053151,513991,nan,17.0
USW00053151,514196,nan,14.95
USW00053151,514411,nan,12.0
USW00053151,514609,nan,14.149999999999999
USW00053151,514780,nan,17.25
USW00053151,514942,nan,17.35
USW00053151,515139,nan,15.45
USW00053151,515348,nan,15.149999999999999
USW00053151,515536,nan,13.55
USW00053151,515729,nan,13.350000000000001
USW00053151,515926,nan,14.3
USW00053151,516129,nan,14.399999999999999
USW00053151,516318,nan,11.75
USW00053151,516511,nan,14.05
USW00053151,516686,nan,11.399999999999999
USW00053151,516873,nan,12.5
USW00053151,517043,nan,13.15
USW00053151,517239,nan,15.0
USW00053151,517452,nan,14.95
USW00053151,517655,nan,13.8
USW00053151,517847,nan,12.05
USW00053151,517978,nan,11.25
USW00053151,518123,nan,11.5
USW00053151,518298,nan,10.2
USW00053151,518494,nan,8.05
USW00053151,518684,nan,10.9
USW00053151,518883,nan,10.899999999999999
USW00053151,519058,nan,11.05
USW00053151,519203,nan,9.7
USW00053151,519379,nan,11.149999999999999
USW00053151,519575,nan,12.4
USW00053151,519757,nan,13.95
USW00053151,519940,nan,12.35
USW00053151,520137,nan,10.100000000000001
USW00053151,520343,nan,10.850000000000001
USW00053151,520526,nan,13.850000000000001
USW00053151,520702,nan,13.75
USW00053151,520907,nan,12.15
USW00053151,521102,nan,11.1
USW00053151,521277,nan,12.6
USW00053151,521456,nan,11.649999999999999
USW00053151,521655,nan,15.3
USW00053151,521859,nan,13.7
USW00053151,522040,nan,12.0
USW00053151,522249,nan,12.05
USW00053151,522449,nan,11.0
USW00053151,522628,nan,11.3
USW00053151,522770,nan,8.649999999999999
USW00053151,522965,nan,8.55
USW00053151,523161,nan,9.4
USW00053151,523356,nan,5.85
USW00053151,523567,nan,7.2
USW00053151,523759,nan,10.850000000000001
USW00053152,523898,nan,7.95
USW00053152,524093,nan,10.45
USW00053152,524291,nan,7.55
USW00053152,524346,nan,8.5
USW00053152,524409,nan,18.450000000000003
USW00053152,524488,nan,13.95
USW00053152,524668,nan,14.2
USW00053152,524769,nan,14.3
USW00053152,524812,nan,15.2
USW00053152,524905,nan,14.1
USW00053152,525052,nan,14.4
USW00053152,525171,nan,16.35
USW00053152,525320,nan,14.2
USW00053152,525521,nan,10.7
USW00053152,525703,nan,9.3
USW00053152,525890,nan,10.850000000000001
USW00053152,526105,nan,11.0
USW00053152,526325,nan,10.850000000000001
USW00053152,526524,nan,9.8
USW00053152,526719,nan,10.55
USW00053152,526909,nan,10.95
USW00053152,527112,nan,11.25
USW00053152,527303,nan,9.1
USW00053152,527511,nan,6.550000000000001
USW00053152,527710,nan,8.15
USW00053152,527928,nan,12.35
USW00053152,528127,nan,8.0
USW00053152,528327,nan,6.5
USW00053152,528530,nan,9.8
USW00053152,528737,nan,7.15
USW00053152,528949,nan,8.2
USW00053152,529174,nan,10.2
USW00053152,529378,nan,11.350000000000001
USW00053152,529598,nan,9.2
USW00053152,529806,nan,8.100000000000001
USW00053152,530010,nan,10.2
USW00053152,530215,nan,10.0
USW00053152,530405,nan,10.6
USW00053152,530604,nan,10.55
USW00053152,530770,nan,11.6
USW00053152,530916,nan,10.25
USW00053152,531113,nan,8.9
USW00053152,531309,nan,9.95
USW00053152,531482,nan,12.4
USW00053152,531606,nan,9.7
USW00053152,531798,nan,11.600000000000001
USW00053152,531997,nan,8.25
USW00053152,532176,nan,9.2
USW00053152,532362,nan,8.600000000000001
USW00053152,532573,nan,9.25
USW00053152,532795,nan,8.5
USW00053152,533011,nan,7.3
USW00053152,533199,nan,10.7
USW00053152,533388,nan,5.1
USW00053152,533590,nan,9.75
USW00053152,533791,nan,6.6
USW00053152,533983,nan,9.7
USW00053152,534173,nan,4.0
USW00053152,534384,nan,9.600000000000001
USW00053152,534591,nan,6.15
USW00053152,534795,nan,6.65
USW00053152,535000,nan,4.199999999999999
USW00053152,535198,nan,5.85
USW00053152,535364,nan,12.350000000000001
USW00053152,535523,nan,11.25
USW00053152,535703,nan,8.1
USW00053152,535916,nan,6.75
USW00053152,536120,nan,8.65
USW00053152,536337,nan,7.55
USW00053152,536538,nan,8.6
USW00053152,536755,nan,13.15
USW00053152,536928,nan,13.649999999999999
USW00053152,537019,nan,13.6
USW00053152,537165,nan,13.25
USW00053152,537284,nan,14.45
USW00053152,537391,nan,12.75
USW00053152,537568,nan,11.55
USW00053152,537754,nan,9.55
USW00053152,537929,nan,8.35
USW00053152,538122,nan,7.1
USW00053152,538307,nan,6.6
USW00053152,538498,nan,9.25
USW00053152,538667,nan,13.5
USW00053152,538776,nan,14.9
USW00053152,538885,nan,10.95
USW00053152,539080,nan,8.350000000000001
USW00053152,539282,nan,12.45
USW00053152,539468,nan,11.3
USW00053152,539686,nan,10.75
USW00053152,539912,nan,10.45
USW00053152,540108,nan,10.2
USW00053152,540232,nan,10.149999999999999
USW00053152,540359,nan,10.5
USW00053152,540458,nan,12.1
USW00053152,540548,nan,11.8
USW00053152,540689,nan,9.05
USW00053152,540858,nan,12.149999999999999
USW00053152,540965,nan,12.25
USW00053152,541105,nan,12.85
USW00053152,541285,nan,14.85
USW00053152,541457,nan,16.4
USW00053152,541690,nan,13.350000000000001
USW00053152,541922,nan,13.0
USW00053152,542121,nan,15.9
USW00053152,542330,nan,14.149999999999999
USW00053152,542523,nan,13.9
USW00053152,542732,nan,9.15
USW00053152,542946,nan,10.25
USW00053152,543162,nan,10.75
USW00053152,543352,nan,10.25
USW00053152,543558,nan,9.65
USW00053152,543770,nan,10.850000000000001
USW00053152,543972,nan,11.95
USW00053152,544182,nan,12.149999999999999
USW00053152,544370,nan,11.85
USW00053152,544557,nan,12.05
USW00053152,544686,nan,11.2
USW00053152,544828,nan,11.2
USW00053152,544978,nan,9.850000000000001
USW00053152,545152,nan,9.8
USW00053152,545346,nan,11.0
USW00053152,545546,nan,14.0
USW00053152,545754,nan,11.7
USW00053152,545936,nan,11.25
USW00053152,546134,nan,11.649999999999999
USW00053152,546324,nan,9.5
USW00053152,546510,nan,13.05
USW00053152,546709,nan,12.850000000000001
USW00053152,546899,nan,12.9
USW00053152,547089,nan,12.6
USW00053152,547270,nan,10.8
USW00053152,547471,nan,12.5
USW00053152,547653,nan,15.25
USW00053152,547847,nan,12.75
USW00053152,548004,nan,13.05
USW00053152,548160,nan,13.3
USW00053152,548341,nan,13.1
USW00053152,548521,nan,12.75
USW00053152,548715,nan,11.45
USW00053152,548920,nan,12.95
USW00053152,549134,nan,13.399999999999999
USW00053152,549327,nan,12.3
USW00053152,549502,nan,11.8
USW00053152,549705,nan,13.3
USW00053152,549911,nan,11.6
USW00053152,550094,nan,12.149999999999999
USW00053152,550254,nan,14.3
USW00053152,550354,nan,13.95
USW00053152,550541,nan,14.15
USW00053152,550752,nan,12.45
USW00053152,550925,nan,14.0
USW00053152,551062,nan,13.1
USW00053152,551197,nan,13.5
USW00053152,551324,nan,13.0
USW00053152,551519,nan,11.25
USW00053152,551719,nan,12.75
USW00053152,551891,nan,14.350000000000001
USW00053152,552060,nan,13.55
USW00053152,552218,nan,12.9
USW00053152,552361,nan,11.1
USW00053152,552535,nan,13.100000000000001
USW00053152,552741,nan,12.9
USW00053152,552942,nan,13.75
USW00053152,553165,nan,19.5
USW00053152,553382,nan,13.9
USW00053152,553573,nan,14.45
USW00053152,553752,nan,13.75
USW00053152,553797,nan,16.15
USW00053152,553907,nan,13.850000000000001
USW00053152,554053,nan,14.85
USW00053152,554220,nan,15.3
USW00053152,554359,nan,14.75
USW00053152,554516,nan,10.399999999999999
USW00053152,554710,nan,13.45
USW00053152,554864,nan,15.6
USW00053152,555039,nan,14.2
USW00053152,555184,nan,15.2
USW00053152,555309,nan,14.850000000000001
USW00053152,555429,nan,17.4
USW00053152,555552,nan,16.55
USW00053152,555693,nan,16.35
USW00053152,555852,nan,14.0
USW00053152,556021,nan,13.8
USW00053152,556225,nan,16.4
USW00053152,556405,nan,15.5
USW00053152,556550,nan,15.1
USW00053152,556704,nan,16.1
USW00053152,556831,nan,16.1
USW00053152,556967,nan,16.35
USW00053152,557119,nan,13.350000000000001
USW00053152,557316,nan,18.65
USW00053152,557549,nan,24.45
USW00053152,557754,nan,18.700000000000003
USW00053152,557943,nan,17.6
USW00053152,558147,nan,19.95
USW00053152,558337,nan,17.55
USW00053152,558507,nan,17.35
USW00053152,558671,nan,16.45
USW00053152,558803,nan,18.8
USW00053152,558957,nan,19.2
USW00053152,559102,nan,18.15
USW00053152,559254,nan,18.25
USW00053152,559406,nan,17.55
USW00053152,559549,nan,17.7
USW00053152,559707,nan,18.45
USW00053152,559849,nan,17.6
USW00053152,559975,nan,18.4
USW00053152,560143,nan,19.0
USW00053152,560342,nan,20.5
USW00053152,560532,nan,20.85
USW00053152,560707,nan,19.65
USW00053152,560855,nan,17.3
USW00053152,561021,nan,17.4
USW00053152,561183,nan,16.15
USW00053152,561327,nan,15.35
USW00053152,561507,nan,16.45
USW00053152,561682,nan,16.8
USW00053152,561858,nan,17.3
USW00053152,562028,nan,17.1
USW00053152,562196,nan,15.7
USW00053152,562386,nan,15.55
USW00053152,562576,nan,15.65
USW00053152,562786,nan,16.65
USW00053152,562968,nan,19.35
USW00053152,563142,nan,18.15
USW00053152,563300,nan,18.15
USW00053152,563486,nan,18.55
USW00053152,563663,nan,17.799999999999997
USW00053152,563831,nan,18.95
USW00053152,563968,nan,18.9
USW00053152,564114,nan,19.6
USW00053152,564283,nan,19.200000000000003
USW00053152,564455,nan,20.05
USW00053152,564617,nan,19.25
USW00053152,564758,nan,19.1
USW00053152,564898,nan,18.35
USW00053152,565079,nan,19.2
USW00053152,565222,nan,16.950000000000003
USW00053152,565389,nan,16.35
USW00053152,565569,nan,18.7
USW00053152,565747,nan,18.15
USW00053152,565922,nan,18.3
USW00053152,566061,nan,14.95
USW00053152,566247,nan,15.850000000000001
USW00053152,566430,nan,17.85
USW00053152,566618,nan,15.7
USW00053152,566833,nan,20.0
USW00053152,567043,nan,22.0
USW00053152,567232,nan,16.6
USW00053152,567405,nan,15.9
USW00053152,567554,nan,16.8
USW00053152,567676,nan,16.2
USW00053152,567787,nan,17.1
USW00053152,567905,nan,16.9
USW00053152,568031,nan,16.6
USW00053152,568180,nan,16.4
USW00053152,568366,nan,17.55
USW00053152,568543,nan,15.6
USW00053152,568708,nan,14.100000000000001
USW00053152,568896,nan,13.05
USW00053152,569094,nan,13.75
USW00053152,569281,nan,16.1
USW00053152,569489,nan,14.6
USW00053152,569692,nan,12.95
USW00053152,569907,nan,15.1
USW00053152,570111,nan,15.4
USW00053152,570304,nan,14.15
USW00053152,570477,nan,17.05
USW00053152,570630,nan,16.15
USW00053152,570769,nan,14.75
USW00053152,570918,nan,16.0
USW00053152,571085,nan,14.95
USW00053152,571224,nan,16.4
USW00053152,571390,nan,17.35
USW00053152,571525,nan,17.6
USW00053152,571652,nan,16.8
USW00053152,571805,nan,13.25
USW00053152,572001,nan,13.95
USW00053152,572189,nan,16.05
USW00053152,572325,nan,19.25
USW00053152,572450,nan,15.850000000000001
USW00053152,572612,nan,16.4
USW00053152,572825,nan,16.65
USW00053152,573033,nan,17.0
USW00053152,573248,nan,14.75
USW00053152,573446,nan,17.450000000000003
USW00053152,573607,nan,14.1
USW00053152,573783,nan,15.75
USW00053152,573938,nan,12.149999999999999
USW00053152,574116,nan,17.75
USW00053152,574267,nan,16.35
USW00053152,574442,nan,12.850000000000001
USW00053152,574644,nan,11.649999999999999
USW00053152,574864,nan,13.3
USW00053152,575075,nan,11.8
USW00053152,575282,nan,13.05
USW00053152,575504,nan,13.600000000000001
USW00053152,575730,nan,14.4
USW00053152,575935,nan,16.7
USW00053152,576122,nan,12.95
USW00053152,576322,nan,14.25
USW00053152,576528,nan,14.55
USW00053152,576714,nan,12.5
USW00053152,576912,nan,12.850000000000001
USW00053152,577051,nan,15.05
USW00053152,577207,nan,12.2
USW00053152,577396,nan,11.75
USW00053152,577601,nan,13.5
USW00053152,577826,nan,11.25
USW00053152,578043,nan,13.55
USW00053152,578261,nan,13.45
USW00053152,578454,nan,14.350000000000001
USW00053152,578490,nan,13.7
USW00053152,578704,nan,13.850000000000001
USW00053152,578896,nan,13.0
USW00053152,579064,nan,10.899999999999999
USW00053152,579251,nan,11.0
USW00053152,579442,nan,9.95
USW00053152,579660,nan,9.45
USW00053152,579870,nan,11.7
USW00053152,580083,nan,8.6
USW00053152,580303,nan,9.15
USW00053152,580526,nan,11.55
USW00053152,580754,nan,8.65
USW00053152,580978,nan,9.0
USW00053152,581186,nan,9.100000000000001
USW00053152,581382,nan,10.55
USW00053152,581569,nan,9.649999999999999
USW00053152,581742,nan,9.5
USW00053152,581941,nan,10.399999999999999
USW00053152,582115,nan,14.6
USW00053152,582160,nan,12.65
USW00053152,582320,nan,12.95
USW00053152,582502,nan,14.1
USW00053152,582670,nan,15.3
USW00053152,582863,nan,11.0
USW00053152,583059,nan,12.850000000000001
USW00053152,583265,nan,10.65
USW00053152,583427,nan,15.7
USW00053152,583595,nan,14.0
USW00053152,583763,nan,9.35
USW00053152,583965,nan,12.1
USW00053152,584159,nan,10.65
USW00053152,584348,nan,7.7
USW00053152,584518,nan,12.649999999999999
USW00053152,584679,nan,15.0
USW00053152,584825,nan,14.0
USW00053152,585000,nan,9.35
USW00053152,585181,nan,8.45
USW00053152,585372,nan,11.649999999999999
USW00053152,585568,nan,9.55
USW00053152,585762,nan,9.55
USW00053152,585948,nan,8.6
USW00053152,586146,nan,9.8
USW00053152,586339,nan,8.2
USW00053152,586518,nan,8.6
USW00053152,586691,nan,12.0
USW00053152,586858,nan,10.35
USW00053152,587032,nan,8.350000000000001
USW00053152,587207,nan,7.6
USW00053152,587382,nan,12.2
USW00053152,587566,nan,10.45
USW00053152,587738,nan,9.8
USW00053152,587914,nan,10.0
USW00053152,588101,nan,14.75
USW00053152,588277,nan,10.600000000000001
USW00053152,588500,nan,7.95
USW00053152,588713,nan,10.85
USW00053152,588922,nan,4.8
USW00053152,589110,nan,5.25
USW00053152,589317,nan,6.449999999999999
USW00053175,590173,nan,6.45
USW00053175,590266,nan,6.3500000000000005
USW00053175,590388,nan,8.600000000000001
USW00053175,590569,nan,16.35
USW00053175,590576,nan,10.6
USW00053175,590691,nan,12.75
USW00053175,591524,nan,19.45
USW00053175,592799,nan,16.65
USW00053175,593018,nan,15.55
USW00093104,599643,nan,10.3
USW00093104,602228,nan,22.5
USW00093104,602377,nan,28.85
USW00093104,606816,nan,6.65
USW00093111,626721,nan,7.2
USW00093111,626869,nan,13.45
USW00093111,631012,nan,13.05
USW00093111,631108,nan,16.15
USW00093111,631138,nan,15.0
USW00093111,631890,nan,22.2
USW00093111,631895,nan,19.45
USW00093111,632581,nan,18.05
USW00093111,633220,nan,19.15
USW00093111,633270,nan,15.25
USW00093111,633391,nan,-17.2
USW00093115,646414,nan,10.85
USW00093115,648424,nan,-20.85
USW00093116,658721,nan,14.75
USW00093117,668234,nan,20.6
USW00093117,670247,nan,16.7
USW00093117,670415,nan,18.049999999999997
USW00093117,672203,nan,11.1
USW00093121,672678,nan,17.5
USW00093121,673716,nan,4.75
USW00093121,676164,nan,29.45
USW00093121,677203,nan,32.8
USW00093121,677768,nan,36.95
USW00093121,678225,nan,26.65
USW00093134,684504,nan,16.1
USW00093134,687576,nan,19.75
USW00093134,687617,nan,20.0
USW00093134,688016,nan,18.05
USW00093134,688817,nan,16.4
USW00093134,688819,nan,16.4
USW00093144,703790,nan,29.45
USW00093184,716759,nan,17.1
USW00093193,727337,nan,8.05
USW00093193,727394,nan,18.0
USW00093193,727399,nan,19.0
USW00093193,727402,nan,17.0
USW00093193,727405,nan,15.5
USW00093193,727434,nan,11.5
USW00093197,733184,nan,21.1
USW00093197,733374,nan,18.35
USW00093197,733943,nan,21.1
USW00093201,738897,nan,-5.0
USW00093201,739362,nan,0.0
USW00093201,739910,nan,-0.5
USW00093201,740490,nan,-6.5
USW00093201,740580,nan,-10.0
USW00093201,740628,nan,-2.0
USW00093201,740699,nan,-10.5
USW00093201,740727,nan,0.0
USW00093201,740994,nan,-0.5
USW00093201,740996,nan,0.0
USW00093201,740999,nan,0.0
USW00093201,741012,nan,-1.5
USW00093201,741033,nan,-5.0
USW00093201,741049,nan,-3.2
USW00093201,741065,nan,-7.25
USW00093201,741074,nan,-7.0
USW00093201,741079,nan,-4.5
USW00093201,741086,nan,-11.0
USW00093201,741089,nan,-13.5
USW00093201,741092,nan,-12.5
USW00093201,741136,nan,-4.5
USW00093201,741318,nan,-5.0
USW00093201,742026,nan,6.0
USW00093201,742885,nan,5.5
USW00093201,743090,nan,4.5
USW00093201,743831,nan,7.0
USW00093201,745272,nan,16.5
USW00093201,745764,nan,15.5
USW00093201,745805,nan,14.0
USW00093201,746277,nan,13.0
USW00093201,746357,nan,15.0
USW00093201,746831,nan,10.5
USW00093201,747705,nan,10.5
USW00093201,747920,nan,6.0
USW00093201,747956,nan,7.5
USW00093201,748165,nan,8.0
USW00093201,748202,nan,8.0
USW00093201,748273,nan,10.0
USW00093201,748612,nan,7.0
USW00093201,749296,nan,4.5
USW00093201,749401,nan,-4.5
USW00093201,749638,nan,-1.5
USW00093201,749716,nan,-3.0
USW00093201,749752,nan,-6.5
USW00093201,750060,nan,-2.0
USW00093201,750582,nan,-12.5
USW00093201,750726,nan,-3.5
USW00093201,751248,nan,-1.0
USW00093203,751706,nan,14.0
USW00093203,759232,nan,32.5
USW00093203,762125,nan,8.0
USW00093205,765833,nan,21.4
USW00093205,765835,nan,25.549999999999997
USW00093205,766005,nan,24.700000000000003
USW00093206,772453,nan,15.8
USW00093206,775649,nan,0.8499999999999996
USW00093210,795221,nan,22.2
USW00093210,796907,nan,30.3
USW00093214,803366,nan,12.7
USW00093214,803906,nan,14.95
USW00093214,803912,nan,14.9
USW00093214,805731,nan,12.7
USW00093214,805973,nan,10.5
USW00093214,810541,nan,13.8
USW00093216,813544,nan,7.8999999999999995
USW00093216,821744,nan,11.5
USW00093216,821747,nan,11.5
USW00093216,821749,nan,11.5
USW00093225,822131,nan,3.3499999999999996
USW00093225,822217,nan,11.4
USW00093225,822272,nan,4.7
USW00093225,822346,nan,10.6
USW00093225,822500,nan,8.95
USW00093225,822550,nan,9.4
USW00093225,822908,nan,2.5
USW00093225,822939,nan,4.4
USW00093225,822997,nan,3.3000000000000003
USW00093225,823058,nan,5.6
USW00093225,823060,nan,8.35
USW00093225,823078,nan,6.65
USW00093225,823589,nan,-1.9500000000000002
USW00093225,824008,nan,5.3
USW00093225,829494,nan,6.699999999999999
USW00093225,830120,nan,1.4
USW00093225,830302,nan,11.649999999999999
USW00093225,830425,nan,7.2
USW00093225,830614,nan,1.9500000000000002
USW00093225,830754,nan,4.7
USW00093225,830756,nan,4.15
USW00093225,830875,nan,1.7
USW00093227,836904,nan,19.15
USW00093230,851517,nan,0.3
USW00093230,851542,nan,-3.05
USW00093230,851567,nan,-1.4
USW00093230,851592,nan,0.3
USW00093230,851625,nan,6.95
USW00093230,851651,nan,5.3
USW00093230,851685,nan,-4.45
USW00093230,851710,nan,1.9500000000000002
USW00093230,851735,nan,2.8
USW00093230,851769,nan,2.75
USW00093230,851795,nan,-2.2
USW00093230,851821,nan,5.0
USW00093230,851846,nan,-2.8
USW00093230,851871,nan,-2.8
USW00093230,851896,nan,0.55
USW00093230,851921,nan,1.7
USW00093230,851946,nan,-1.7
USW00093230,851971,nan,8.850000000000001
USW00093230,852001,nan,0.0
USW00093230,852035,nan,-6.1
USW00093230,852065,nan,-11.399999999999999
USW00093230,852090,nan,-1.4
USW00093230,859080,nan,9.8
USW00093231,866272,nan,17.5
USW00093231,866724,nan,15.0
USW00093231,866961,nan,16.0
USW00093231,867174,nan,17.0
USW00093231,867288,nan,17.0
USW00093231,867594,nan,16.5
USW00093231,867715,nan,14.5
USW00093231,868064,nan,15.5
USW00093231,869262,nan,17.0
USW00093231,869997,nan,14.0
USW00093231,870238,nan,11.5
USW00093231,870275,nan,5.5
USW00093231,870294,nan,8.0
USW00093231,870298,nan,6.5
USW00093231,870421,nan,9.0
USW00093231,871334,nan,13.5
USW00093231,871406,nan,8.5
USW00093231,871691,nan,7.0
USW00093232,873240,nan,11.5
USW00093232,873673,nan,15.5
USW00093232,875299,nan,24.0
USW00093241,881178,nan,29.45
USW00093241,885952,nan,16.1
USW00093242,887741,nan,11.95
USW00093242,890087,nan,20.299999999999997
USW00093242,892290,nan,27.2
USW00093243,896005,nan,6.550000000000001
USW00093243,896093,nan,10.35
USW00093243,896224,nan,5.4
USW00093243,896403,nan,5.95
USW00093243,896593,nan,9.6
USW00093243,896776,nan,10.75
USW00093243,896970,nan,12.95
USW00093243,897115,nan,9.75
USW00093243,897270,nan,8.95
USW00093243,897371,nan,14.649999999999999
USW00093243,897462,nan,12.149999999999999
USW00093243,897633,nan,10.55
USW00093243,897786,nan,5.75
USW00093243,897921,nan,10.2
USW00093243,897997,nan,10.05
USW00093243,898117,nan,8.7
USW00093243,898249,nan,8.55
USW00093243,898361,nan,11.5
USW00093243,898424,nan,11.2
USW00093243,898564,nan,10.75
USW00093243,898763,nan,5.0
USW00093243,898957,nan,2.95
USW00093243,899153,nan,7.15
USW00093243,899331,nan,9.25
USW00093243,899515,nan,4.050000000000001
USW00093243,899665,nan,8.75
USW00093243,899867,nan,2.5
USW00093243,900080,nan,2.95
USW00093243,900295,nan,6.25
USW00093243,900511,nan,4.35
USW00093243,900728,nan,5.35
USW00093243,900824,nan,11.6
USW00093243,900932,nan,4.05
USW00093243,901146,nan,6.4
USW00093243,901226,nan,9.8
USW00093243,901355,nan,7.75
USW00093243,901560,nan,7.5
USW00093243,901779,nan,8.05
USW00093243,901998,nan,8.45
USW00093243,902217,nan,7.949999999999999
USW00093243,902438,nan,7.199999999999999
USW00093243,902649,nan,7.9
USW00093243,902696,nan,5.25
USW00093243,902731,nan,11.100000000000001
USW00093243,902874,nan,6.5
USW00093243,903100,nan,8.4
USW00093243,903323,nan,10.850000000000001
USW00093243,903550,nan,4.300000000000001
USW00093243,903765,nan,4.35
USW00093243,903980,nan,2.75
USW00093243,904212,nan,5.15
USW00093243,904455,nan,3.5
USW00093243,904682,nan,5.050000000000001
USW00093243,904691,nan,4.15
USW00093243,904909,nan,5.6
USW00093243,905130,nan,1.8
USW00093243,905346,nan,-0.65
USW00093243,905559,nan,1.55
USW00093243,905780,nan,1.9500000000000002
USW00093243,906003,nan,1.5
USW00093243,906219,nan,0.5
USW00093243,906441,nan,3.45
USW00093243,906676,nan,4.75
USW00093243,906818,nan,4.55
USW00093243,907012,nan,1.4
USW00093243,907203,nan,9.7
USW00093243,907348,nan,9.75
USW00093243,907524,nan,7.4
USW00093243,907720,nan,2.65
USW00093243,907928,nan,2.9
USW00093243,908140,nan,3.3
USW00093243,908353,nan,8.8
USW00093243,908565,nan,12.35
USW00093243,908780,nan,12.05
USW00093243,908976,nan,10.9
USW00093243,909158,nan,7.8
USW00093243,909374,nan,10.899999999999999
USW00093243,909573,nan,15.850000000000001
USW00093243,909756,nan,11.25
USW00093243,909944,nan,7.1
USW00093243,910149,nan,10.3
USW00093243,910331,nan,4.9
USW00093243,910510,nan,1.1
USW00093243,910705,nan,3.1
USW00093243,910928,nan,10.25
USW00093243,911074,nan,11.649999999999999
USW00093243,911204,nan,15.7
USW00093243,911367,nan,3.75
USW00093243,911581,nan,7.35
USW00093243,911807,nan,3.6
USW00093243,912037,nan,3.15
USW00093243,912232,nan,11.5
USW00093243,912440,nan,7.800000000000001
USW00093243,912662,nan,11.5
USW00093243,912883,nan,10.7
USW00093243,913100,nan,11.15
USW00093243,913131,nan,7.8999999999999995
USW00093243,913174,nan,13.8
USW00093243,913320,nan,12.399999999999999
USW00093243,913551,nan,10.2
USW00093243,913773,nan,9.4
USW00093243,913990,nan,12.6
USW00093243,914224,nan,12.65
USW00093243,914427,nan,12.55
USW00093243,914539,nan,15.350000000000001
USW00093243,914718,nan,7.550000000000001
USW00093243,914935,nan,10.1
USW00093243,915143,nan,15.1
USW00093243,915354,nan,10.75
USW00093243,915574,nan,6.35
USW00093243,915788,nan,3.5
USW00093243,915997,nan,6.0
USW00093243,916213,nan,12.75
USW00093243,916433,nan,9.55
USW00093243,916651,nan,3.0
USW00093243,916867,nan,5.1
USW00093243,917082,nan,4.6
USW00093243,917297,nan,9.0
USW00093243,917520,nan,10.3
USW00093243,917744,nan,13.7
USW00093243,917977,nan,13.55
USW00093243,918193,nan,11.7
USW00093243,918405,nan,12.3
USW00093243,918622,nan,10.7
USW00093243,918857,nan,8.3
USW00093243,919079,nan,7.5
USW00093243,919290,nan,7.300000000000001
USW00093243,919507,nan,7.949999999999999
USW00093243,919730,nan,6.15
USW00093243,919953,nan,10.75
USW00093243,920185,nan,10.65
USW00093243,920407,nan,9.350000000000001
USW00093243,920639,nan,14.8
USW00093243,920864,nan,12.3
USW00093243,921094,nan,10.0
USW00093243,921330,nan,14.2
USW00093243,921563,nan,15.9
USW00093243,921787,nan,11.8
USW00093243,922009,nan,12.45
USW00093243,922232,nan,17.85
USW00093243,922439,nan,12.350000000000001
USW00093243,922651,nan,9.5
USW00093243,922866,nan,11.75
USW00093243,923086,nan,9.350000000000001
USW00093243,923310,nan,8.15
USW00093243,923527,nan,11.25
USW00093243,923751,nan,10.95
USW00093243,923978,nan,10.8
USW00093243,924213,nan,12.149999999999999
USW00093243,924436,nan,14.149999999999999
USW00093243,924663,nan,11.25
USW00093243,924873,nan,10.9
USW00093243,925086,nan,14.149999999999999
USW00093243,925264,nan,11.0
USW00093243,925480,nan,12.350000000000001
USW00093243,925698,nan,17.0
USW00093243,925923,nan,19.0
USW00093243,926151,nan,17.25
USW00093243,926380,nan,11.399999999999999
USW00093243,926603,nan,10.25
USW00093243,926830,nan,14.35
USW00093243,927060,nan,17.5
USW00093243,927289,nan,18.35
USW00093243,927527,nan,13.05
USW00093243,927755,nan,11.75
USW00093243,927990,nan,10.9
USW00093243,928237,nan,11.5
USW00093243,928474,nan,14.25
USW00093243,928698,nan,9.2
USW00093243,928915,nan,12.1
USW00093243,929143,nan,14.4
USW00093243,929357,nan,17.6
USW00093243,929596,nan,17.700000000000003
USW00093243,929839,nan,17.5
USW00093243,930059,nan,13.5
USW00093243,930288,nan,12.0
USW00093243,930508,nan,13.0
USW00093243,930729,nan,14.100000000000001
USW00093243,930949,nan,17.2
USW00093243,931174,nan,14.100000000000001
USW00093243,931406,nan,14.8
USW00093243,931643,nan,20.0
USW00093243,931860,nan,19.35
USW00093243,932090,nan,14.95
USW00093243,932300,nan,15.25
USW00093243,932529,nan,13.8
USW00093243,932770,nan,13.95
USW00093243,933001,nan,13.350000000000001
USW00093243,933218,nan,17.45
USW00093243,933433,nan,18.85
USW00093243,933667,nan,16.55
USW00093243,933884,nan,17.85
USW00093243,934103,nan,17.0
USW00093243,934324,nan,13.75
USW00093243,934531,nan,19.95
USW00093243,934752,nan,19.1
USW00093243,934987,nan,19.6
USW00093243,935225,nan,18.2
USW00093243,935463,nan,17.6
USW00093243,935693,nan,18.35
USW00093243,935928,nan,19.35
USW00093243,936149,nan,23.200000000000003
USW00093243,936339,nan,22.1
USW00093243,936560,nan,21.25
USW00093243,936783,nan,18.8
USW00093243,937001,nan,19.65
USW00093243,937228,nan,16.9
USW00093243,937452,nan,19.8
USW00093243,937673,nan,22.3
USW00093243,937905,nan,20.75
USW00093243,938117,nan,20.0
USW00093243,938328,nan,19.85
USW00093243,938561,nan,20.15
USW00093243,938799,nan,18.6
USW00093243,939024,nan,19.1
USW00093243,939245,nan,17.2
USW00093243,939474,nan,17.950000000000003
USW00093243,939700,nan,19.799999999999997
USW00093243,939924,nan,19.05
USW00093243,940142,nan,19.55
USW00093243,940361,nan,20.55
USW00093243,940600,nan,19.3
USW00093243,940830,nan,15.5
USW00093243,941067,nan,17.200000000000003
USW00093243,941306,nan,13.5
USW00093243,941536,nan,14.3
USW00093243,941763,nan,16.5
USW00093243,941993,nan,16.05
USW00093243,942232,nan,16.95
USW00093243,942460,nan,21.15
USW00093243,942686,nan,19.05
USW00093243,942919,nan,19.95
USW00093243,943143,nan,18.05
USW00093243,943369,nan,16.75
USW00093243,943597,nan,13.1
USW00093243,943813,nan,15.2
USW00093243,944027,nan,18.549999999999997
USW00093243,944241,nan,20.05
USW00093243,944468,nan,17.1
USW00093243,944692,nan,17.85
USW00093243,944931,nan,14.2
USW00093243,945148,nan,12.7
USW00093243,945370,nan,14.899999999999999
USW00093243,945600,nan,13.7
USW00093243,945816,nan,13.45
USW00093243,946045,nan,15.2
USW00093243,946277,nan,13.1
USW00093243,946508,nan,14.8
USW00093243,946737,nan,14.2
USW00093243,946965,nan,13.45
USW00093243,947186,nan,13.5
USW00093243,947424,nan,14.45
USW00093243,947646,nan,16.700000000000003
USW00093243,947866,nan,16.85
USW00093243,948076,nan,15.75
USW00093243,948300,nan,17.85
USW00093243,948520,nan,15.149999999999999
USW00093243,948741,nan,15.55
USW00093243,948978,nan,16.85
USW00093243,949216,nan,13.15
USW00093243,949448,nan,14.3
USW00093243,949683,nan,15.399999999999999
USW00093243,949919,nan,14.7
USW00093243,950162,nan,9.25
USW00093243,950402,nan,11.4
USW00093243,950628,nan,12.95
USW00093243,950862,nan,9.25
USW00093243,951088,nan,9.899999999999999
USW00093243,951311,nan,10.1
USW00093243,951533,nan,11.649999999999999
USW00093243,951760,nan,12.25
USW00093243,951994,nan,11.600000000000001
USW00093243,952236,nan,14.5
USW00093243,952466,nan,15.9
USW00093243,952694,nan,14.9
USW00093243,952911,nan,13.9
USW00093243,953137,nan,14.2
USW00093243,953373,nan,14.6
USW00093243,953599,nan,13.9
USW00093243,953805,nan,13.05
USW00093243,954024,nan,14.05
USW00093243,954241,nan,16.9
USW00093243,954474,nan,16.55
USW00093243,954678,nan,20.5
USW00093243,954887,nan,15.3
USW00093243,955100,nan,12.3
USW00093243,955328,nan,13.45
USW00093243,955556,nan,18.5
USW00093243,955769,nan,11.85
USW00093243,956008,nan,11.3
USW00093243,956214,nan,13.649999999999999
USW00093243,956422,nan,10.600000000000001
USW00093243,956645,nan,12.3
USW00093243,956869,nan,10.2
USW00093243,957098,nan,11.75
USW00093243,957323,nan,11.149999999999999
USW00093243,957557,nan,6.3
USW00093243,957781,nan,8.25
USW00093243,958008,nan,8.75
USW00093243,958233,nan,10.05
USW00093243,958471,nan,10.149999999999999
USW00093243,958690,nan,11.0
USW00093243,958911,nan,7.9
USW00093243,959129,nan,7.5
USW00093243,959357,nan,6.9
USW00093243,959582,nan,12.1
USW00093243,959814,nan,11.1
USW00093243,960040,nan,11.9
USW00093243,960264,nan,13.5
USW00093243,960479,nan,13.4
USW00093243,960692,nan,12.9
USW00093243,960905,nan,6.55
USW00093243,961138,nan,9.0
USW00093243,961363,nan,7.6
USW00093243,961581,nan,11.75
USW00093243,961816,nan,9.399999999999999
USW00093243,962046,nan,9.850000000000001
USW00093243,962272,nan,7.3
USW00093243,962500,nan,4.699999999999999
USW00093243,962742,nan,13.75
USW00093243,962963,nan,0.55
USW00093243,963190,nan,5.0
USW00093243,963419,nan,2.25
USW00093243,963654,nan,2.5999999999999996
USW00093243,963878,nan,2.95
USW00093243,964100,nan,3.35
USW00093243,964338,nan,2.15
USW00093243,964577,nan,3.4
USW00093243,964750,nan,8.75
USW00093243,964804,nan,3.05
USW00093243,964993,nan,6.300000000000001
USW00093243,965019,nan,2.05
USW00093243,965249,nan,1.8
USW00093243,965470,nan,1.35
USW00093243,965704,nan,4.75
USW00093243,965900,nan,10.95
USW00093243,966089,nan,12.1
USW00093243,966190,nan,12.75
USW00093243,966360,nan,8.149999999999999
USW00093243,966573,nan,7.35
USW00093243,966781,nan,9.649999999999999
USW00093243,966961,nan,12.850000000000001
USW00093243,967032,nan,12.95
USW00093243,967195,nan,10.95
USW00093243,967379,nan,5.65
USW00093243,967583,nan,3.45
USW00093243,967792,nan,4.15
USW00093243,967997,nan,7.050000000000001
USW00093243,968133,nan,8.75
USW00093243,968240,nan,10.0
USW00093243,968421,nan,5.45
USW00093243,968633,nan,4.3
USW00093243,968801,nan,6.55
USW00093243,968902,nan,8.9
USW00093243,969023,nan,7.5
USW00093243,969226,nan,3.9499999999999997
USW00093243,969435,nan,3.95
USW00093243,969658,nan,4.25
USW00093243,969856,nan,5.85
USW00093243,970062,nan,4.800000000000001
USW00093243,970219,nan,11.5
USW00093243,970378,nan,7.25
USW00093243,970596,nan,6.05
USW00093243,970754,nan,10.649999999999999
USW00093243,970912,nan,8.1
USW00093243,971076,nan,11.2
USW00093243,971279,nan,5.85
USW00093243,971488,nan,5.550000000000001
USW00093243,971689,nan,9.55
USW00093243,971861,nan,9.4
USW00093243,972078,nan,3.1
USW00093243,972265,nan,6.5
USW00093243,972467,nan,0.4
USW00093243,972682,nan,1.2999999999999998
USW00093243,972887,nan,-1.75
USW00093244,973428,nan,19.5
USW00093244,985691,nan,11.5
USW00093244,985831,nan,11.5
USW00093244,985952,nan,16.5
USW00093244,985954,nan,15.5
USW00093244,985990,nan,20.0
USW00093244,986166,nan,17.0
USW00093244,986198,nan,23.0
USW00093244,986201,nan,25.5
USW00093244,986526,nan,16.0
USW00093244,986561,nan,22.0
USW00093244,986654,nan,14.0
USW00093244,987188,nan,16.0
USW00093244,987190,nan,14.5
USW00093244,987220,nan,17.0
USW00093244,987243,nan,12.0
USW00093244,987246,nan,15.5
USW00093244,987272,nan,18.0
USW00093244,987275,nan,20.0
USW00093244,987283,nan,17.5
USW00093244,987321,nan,22.0
USW00093244,987323,nan,21.0
USW00093244,987366,nan,22.5
USW00093244,987378,nan,16.5
USW00093244,987410,nan,17.0
USW00093244,987509,nan,14.0
USW00093244,987511,nan,15.0
USW00093244,987513,nan,15.0
USW00093244,987515,nan,15.0
USW00093244,987517,nan,14.5
USW00093244,987553,nan,15.0
USW00093244,987556,nan,14.5
USW00093244,987558,nan,14.0
USW00093244,987560,nan,12.5
USW00093244,987639,nan,16.5
USW00093244,987697,nan,12.0
USW00093244,987795,nan,15.0
USW00093244,987929,nan,16.5
USW00093244,987932,nan,16.5
USW00093244,987935,nan,15.0
USW00093244,988098,nan,13.5
USW00093244,988102,nan,14.0
USW00093244,988122,nan,19.0
USW00093244,988124,nan,20.0
USW00093244,988184,nan,18.5
USW00093244,988186,nan,18.5
USW00093244,988188,nan,15.5
USW00093244,988263,nan,16.0
USW00093244,988349,nan,21.0
USW00093244,988399,nan,18.0
USW00093244,988401,nan,15.0
USW00093244,988473,nan,19.5
USW00093244,988613,nan,12.0
USW00093244,988620,nan,10.5
USW00093244,988623,nan,9.0
USW00093244,988662,nan,10.5
USW00093244,988701,nan,15.5
USW00093244,988738,nan,11.5
USW00093244,988780,nan,12.0
USW00093244,988782,nan,14.0
USW00093244,988794,nan,5.5
USW00093245,988928,nan,11.05
USW00093245,989103,nan,12.0
USW00093245,989272,nan,13.95
USW00093245,989406,nan,11.3
USW00093245,989498,nan,13.7
USW00093245,989596,nan,11.9
USW00093245,989771,nan,8.5
USW00093245,989939,nan,10.6
USW00093245,990053,nan,12.95
USW00093245,990144,nan,10.5
USW00093245,990247,nan,10.850000000000001
USW00093245,990357,nan,11.1
USW00093245,990509,nan,8.75
USW00093245,990664,nan,10.2
USW00093245,990793,nan,11.1
USW00093245,990929,nan,12.5
USW00093245,991015,nan,12.649999999999999
USW00093245,991137,nan,11.1
USW00093245,991250,nan,10.45
USW00093245,991400,nan,8.9
USW00093245,991522,nan,7.199999999999999
USW00093245,991662,nan,12.3
USW00093245,991778,nan,8.7
USW00093245,991951,nan,8.7
USW00093245,992085,nan,10.5
USW00093245,992231,nan,7.95
USW00093245,992397,nan,7.9
USW00093245,992547,nan,8.65
USW00093245,992710,nan,11.55
USW00093245,992881,nan,10.55
USW00093245,993047,nan,9.05
USW00093245,993215,nan,9.65
USW00093245,993406,nan,11.05
USW00093245,993600,nan,11.9
USW00093245,993811,nan,13.85
USW00093245,994025,nan,11.45
USW00093245,994199,nan,10.600000000000001
USW00093245,994397,nan,11.05
USW00093245,994599,nan,14.45
USW00093245,994775,nan,9.649999999999999
USW00093245,994925,nan,11.8
USW00093245,995066,nan,7.85
USW00093245,995215,nan,9.2
USW00093245,995350,nan,9.6
USW00093245,995541,nan,6.4
USW00093245,995692,nan,8.95
USW00093245,995849,nan,6.65
USW00093245,996033,nan,7.45
USW00093245,996185,nan,9.45
USW00093245,996295,nan,6.2
USW00093245,996418,nan,5.9
USW00093245,996594,nan,4.65
USW00093245,996740,nan,7.35
USW00093245,996875,nan,6.4
USW00093245,997013,nan,4.25
USW00093245,997173,nan,8.3
USW00093245,997318,nan,9.05
USW00093245,997416,nan,7.55
USW00093245,997573,nan,4.75
USW00093245,997715,nan,9.8
USW00093245,997860,nan,7.65
USW00093245,998035,nan,3.75
USW00093245,998199,nan,5.5
USW00093245,998385,nan,5.55
USW00093245,998571,nan,8.25
USW00093245,998779,nan,12.399999999999999
USW00093245,998950,nan,11.4
USW00093245,999086,nan,8.65
USW00093245,999225,nan,10.75
USW00093245,999323,nan,9.3
USW00093245,999478,nan,9.95
USW00093245,999621,nan,13.2
USW00093245,999719,nan,10.4
USW00093245,999875,nan,6.4
USW00093245,1000036,nan,10.25
USW00093245,1000201,nan,6.65
USW00093245,1000379,nan,5.6
USW00093245,1000544,nan,8.05
USW00093245,1000748,nan,11.8
USW00093245,1000872,nan,11.5
USW00093245,1000938,nan,12.7
USW00093245,1001030,nan,8.350000000000001
USW00093245,1001179,nan,8.55
USW00093245,1001345,nan,6.0
USW00093245,1001491,nan,8.850000000000001
USW00093245,1001621,nan,10.4
USW00093245,1001774,nan,9.2
USW00093245,1001957,nan,10.1
USW00093245,1002147,nan,9.1
USW00093245,1002313,nan,9.649999999999999
USW00093245,1002457,nan,9.6
USW00093245,1002589,nan,10.4
USW00093245,1002707,nan,7.3
USW00093245,1002877,nan,8.95
USW00093245,1003015,nan,10.05
USW00093245,1003110,nan,12.149999999999999
USW00093245,1003199,nan,12.5
USW00093245,1003305,nan,11.4
USW00093245,1003446,nan,9.3
USW00093245,1003614,nan,12.0
USW00093245,1003744,nan,10.45
USW00093245,1003868,nan,9.2
USW00093245,1004009,nan,9.6
USW00093245,1004162,nan,10.25
USW00093245,1004314,nan,9.8
USW00093245,1004479,nan,7.7
USW00093245,1004622,nan,8.25
USW00093245,1004789,nan,8.5
USW00093245,1004952,nan,9.0
USW00093245,1005079,nan,9.4
USW00093245,1005235,nan,9.6
USW00093245,1005400,nan,9.350000000000001
USW00093245,1005586,nan,9.25
USW00093245,1005733,nan,11.3
USW00093245,1005844,nan,9.7
USW00093245,1005967,nan,10.25
USW00093245,1006080,nan,10.7
USW00093245,1006222,nan,11.9
USW00093245,1006367,nan,10.9
USW00093245,1006483,nan,10.6
USW00093245,1006584,nan,9.350000000000001
USW00093245,1006734,nan,9.2
USW00093245,1006891,nan,10.1
USW00093245,1007006,nan,9.649999999999999
USW00093245,1007151,nan,8.5
USW00093245,1007305,nan,10.55
USW00093245,1007441,nan,10.3
USW00093245,1007580,nan,10.25
USW00093245,1007744,nan,11.649999999999999
USW00093245,1007870,nan,10.6
USW00093245,1007998,nan,9.850000000000001
USW00093245,1008145,nan,9.4
USW00093245,1008277,nan,10.8
USW00093245,1008386,nan,11.0
USW00093245,1008505,nan,10.95
USW00093245,1008643,nan,10.7
USW00093245,1008785,nan,11.5
USW00093245,1008915,nan,10.6
USW00093245,1009040,nan,10.25
USW00093245,1009153,nan,10.350000000000001
USW00093245,1009281,nan,9.4
USW00093245,1009413,nan,9.8
USW00093245,1009551,nan,10.55
USW00093245,1009692,nan,11.15
USW00093245,1009809,nan,11.55
USW00093245,1009916,nan,11.1
USW00093245,1010042,nan,10.0
USW00093245,1010222,nan,11.149999999999999
USW00093245,1010403,nan,11.3
USW00093245,1010554,nan,10.149999999999999
USW00093245,1010651,nan,9.95
USW00093245,1010757,nan,9.350000000000001
USW00093245,1010905,nan,9.649999999999999
USW00093245,1011074,nan,10.45
USW00093245,1011237,nan,10.1
USW00093245,1011360,nan,9.5
USW00093245,1011481,nan,9.5
USW00093245,1011598,nan,10.45
USW00093245,1011740,nan,9.95
USW00093245,1011896,nan,10.649999999999999
USW00093245,1012050,nan,9.8
USW00093245,1012189,nan,11.25
USW00093245,1012346,nan,10.05
USW00093245,1012512,nan,10.25
USW00093245,1012664,nan,9.850000000000001
USW00093245,1012828,nan,9.4
USW00093245,1012994,nan,9.75
USW00093245,1013152,nan,9.649999999999999
USW00093245,1013309,nan,12.2
USW00093245,1013433,nan,10.95
USW00093245,1013558,nan,10.350000000000001
USW00093245,1013685,nan,10.5
USW00093245,1013831,nan,10.1
USW00093245,1013996,nan,11.149999999999999
USW00093245,1014173,nan,11.95
USW00093245,1014303,nan,11.649999999999999
USW00093245,1014446,nan,10.850000000000001
USW00093245,1014622,nan,10.45
USW00093245,1014752,nan,10.899999999999999
USW00093245,1014876,nan,10.3
USW00093245,1015017,nan,10.6
USW00093245,1015179,nan,11.9
USW00093245,1015292,nan,12.350000000000001
USW00093245,1015411,nan,12.2
USW00093245,1015500,nan,16.15
USW00093245,1015567,nan,12.350000000000001
USW00093245,1015703,nan,11.45
USW00093245,1015856,nan,13.6
USW00093245,1016013,nan,12.7
USW00093245,1016168,nan,11.2
USW00093245,1016312,nan,10.75
USW00093245,1016457,nan,10.850000000000001
USW00093245,1016595,nan,10.149999999999999
USW00093245,1016677,nan,15.600000000000001
USW00093245,1016737,nan,11.9
USW00093245,1016882,nan,13.850000000000001
USW00093245,1017029,nan,13.0
USW00093245,1017146,nan,13.3
USW00093245,1017269,nan,13.0
USW00093245,1017395,nan,12.7
USW00093245,1017534,nan,12.7
USW00093245,1017664,nan,12.3
USW00093245,1017787,nan,12.850000000000001
USW00093245,1017915,nan,14.149999999999999
USW00093245,1018038,nan,15.05
USW00093245,1018169,nan,13.8
USW00093245,1018280,nan,13.05
USW00093245,1018405,nan,11.95
USW00093245,1018530,nan,11.1
USW00093245,1018650,nan,10.5
USW00093245,1018776,nan,10.149999999999999
USW00093245,1018922,nan,10.1
USW00093245,1019056,nan,11.2
USW00093245,1019197,nan,10.7
USW00093245,1019339,nan,10.9
USW00093245,1019477,nan,10.7
USW00093245,1019616,nan,10.3
USW00093245,1019784,nan,10.6
USW00093245,1019916,nan,10.8
USW00093245,1020062,nan,10.4
USW00093245,1020188,nan,9.850000000000001
USW00093245,1020310,nan,10.3
USW00093245,1020442,nan,9.8
USW00093245,1020579,nan,10.45
USW00093245,1020733,nan,12.4
USW00093245,1020877,nan,11.3
USW00093245,1021036,nan,11.95
USW00093245,1021172,nan,11.9
USW00093245,1021309,nan,12.0
USW00093245,1021474,nan,12.350000000000001
USW00093245,1021637,nan,12.5
USW00093245,1021775,nan,10.6
USW00093245,1021921,nan,12.3
USW00093245,1022063,nan,12.5
USW00093245,1022178,nan,11.7
USW00093245,1022281,nan,13.6
USW00093245,1022416,nan,14.0
USW00093245,1022541,nan,13.5
USW00093245,1022649,nan,12.3
USW00093245,1022777,nan,11.55
USW00093245,1022888,nan,12.95
USW00093245,1022993,nan,13.6
USW00093245,1023122,nan,13.649999999999999
USW00093245,1023284,nan,14.9
USW00093245,1023422,nan,14.2
USW00093245,1023565,nan,12.2
USW00093245,1023721,nan,11.3
USW00093245,1023840,nan,12.8
USW00093245,1023964,nan,11.9
USW00093245,1024091,nan,11.75
USW00093245,1024190,nan,12.2
USW00093245,1024307,nan,10.75
USW00093245,1024438,nan,13.0
USW00093245,1024564,nan,12.0
USW00093245,1024720,nan,11.9
USW00093245,1024866,nan,11.7
USW00093245,1024994,nan,11.9
USW00093245,1025123,nan,11.9
USW00093245,1025287,nan,10.5
USW00093245,1025449,nan,11.95
USW00093245,1025595,nan,11.6
USW00093245,1025755,nan,11.55
USW00093245,1025923,nan,11.1
USW00093245,1026051,nan,11.0
USW00093245,1026225,nan,11.5
USW00093245,1026425,nan,11.0
USW00093245,1026588,nan,11.5
USW00093245,1026692,nan,12.0
USW00093245,1026887,nan,9.350000000000001
USW00093245,1027041,nan,11.8
USW00093245,1027173,nan,10.350000000000001
USW00093245,1027294,nan,9.8
USW00093245,1027415,nan,11.8
USW00093245,1027551,nan,13.1
USW00093245,1027674,nan,15.0
USW00093245,1027808,nan,14.4
USW00093245,1027957,nan,14.649999999999999
USW00093245,1028104,nan,15.850000000000001
USW00093245,1028259,nan,15.45
USW00093245,1028379,nan,13.05
USW00093245,1028531,nan,14.7
USW00093245,1028656,nan,12.5
USW00093245,1028798,nan,12.1
USW00093245,1028862,nan,15.4
USW00093245,1028941,nan,11.65
USW00093245,1029089,nan,11.9
USW00093245,1029222,nan,12.3
USW00093245,1029353,nan,11.6
USW00093245,1029527,nan,10.05
USW00093245,1029685,nan,11.9
USW00093245,1029836,nan,11.2
USW00093245,1029856,nan,11.6
USW00093245,1029868,nan,14.05
USW00093245,1029888,nan,14.25
USW00093245,1030043,nan,9.3
USW00093245,1030194,nan,12.0
USW00093245,1030324,nan,12.05
USW00093245,1030458,nan,11.350000000000001
USW00093245,1030575,nan,12.1
USW00093245,1030699,nan,11.5
USW00093245,1030819,nan,12.5
USW00093245,1030938,nan,13.05
USW00093245,1031072,nan,12.4
USW00093245,1031233,nan,12.55
USW00093245,1031369,nan,12.25
USW00093245,1031534,nan,12.1
USW00093245,1031671,nan,13.6
USW00093245,1031819,nan,12.6
USW00093245,1031911,nan,12.4
USW00093245,1032065,nan,10.4
USW00093245,1032251,nan,11.9
USW00093245,1032446,nan,11.75
USW00093245,1032615,nan,11.149999999999999
USW00093245,1032791,nan,11.25
USW00093245,1032939,nan,11.4
USW00093245,1033062,nan,9.149999999999999
USW00093245,1033249,nan,7.85
USW00093245,1033438,nan,7.75
USW00093245,1033632,nan,9.85
USW00093245,1033836,nan,6.55
USW00093245,1033857,nan,5.0
USW00093245,1034042,nan,6.5
USW00093245,1034250,nan,7.3
USW00093245,1034474,nan,12.9
USW00093245,1034664,nan,10.05
USW00093245,1034862,nan,7.75
USW00093245,1035063,nan,8.399999999999999
USW00093245,1035260,nan,7.7
USW00093245,1035435,nan,7.5
USW00093245,1035617,nan,7.699999999999999
USW00093245,1035838,nan,13.649999999999999
USW00093245,1036035,nan,13.3
USW00093245,1036166,nan,13.3
USW00093245,1036273,nan,10.2
USW00093245,1036353,nan,13.75
USW00093245,1036469,nan,10.25
USW00093245,1036640,nan,9.75
USW00093245,1036800,nan,12.05
USW00093245,1036910,nan,13.6
USW00093245,1037024,nan,13.6
USW00093245,1037159,nan,11.9
USW00093245,1037278,nan,12.9
USW00093245,1037416,nan,9.95
USW00093245,1037575,nan,8.350000000000001
USW00093245,1037711,nan,10.4
USW00093245,1037855,nan,10.0
USW00093245,1037998,nan,9.350000000000001
USW00093245,1038154,nan,9.3
USW00093245,1038336,nan,8.25
USW00093245,1038522,nan,11.149999999999999
USW00093245,1038653,nan,9.7
USW00093245,1038793,nan,10.2
USW00093245,1038938,nan,13.1
USW00093245,1039087,nan,8.95
USW00093245,1039266,nan,10.9
USW00093245,1039371,nan,11.2
USW00093245,1039462,nan,12.95
USW00093245,1039547,nan,11.95
USW00093245,1039715,nan,9.55
USW00093245,1039808,nan,14.05
USW00093245,1039942,nan,11.05
USW00093245,1040034,nan,11.350000000000001
USW00093245,1040159,nan,9.15
USW00093245,1040333,nan,9.5
USW00093245,1040468,nan,10.4
USW00093245,1040572,nan,10.6
USW00093245,1040692,nan,10.149999999999999
USW00093245,1040813,nan,11.1
USW00093245,1040941,nan,10.3
USW00093245,1041134,nan,7.3
USW00093245,1041319,nan,7.55
USW00093245,1041473,nan,9.75
