Station_ID,Index,Original_Temperature,Filled_Temperature
USW00023224,10644,nan,35.5
USW00023224,13166,nan,23.5
USW00023224,13168,nan,24.5
USW00023224,14161,nan,19.5
USW00023225,16886,nan,13.899999999999999
USW00023225,21556,nan,8.45
USW00023225,21560,nan,8.15
USW00023225,21563,nan,8.15
USW00023225,21565,nan,8.15
USW00023225,21568,nan,8.95
USW00023225,21572,nan,7.9
USW00023225,21576,nan,8.15
USW00023225,21579,nan,8.5
USW00023225,21585,nan,8.0
USW00023225,21587,nan,8.0
USW00023225,21589,nan,8.5
USW00023225,21591,nan,9.0
USW00023225,21593,nan,9.0
USW00023225,21596,nan,8.95
USW00023225,21598,nan,8.95
USW00023225,21603,nan,8.15
USW00023225,21607,nan,9.2
USW00023225,21619,nan,11.95
USW00023225,21623,nan,12.2
USW00023225,21625,nan,12.1
USW00023225,21629,nan,12.9
USW00023225,21644,nan,13.15
USW00023225,21648,nan,13.15
USW00023225,21651,nan,12.9
USW00023225,21878,nan,22.9
USW00023225,22368,nan,26.4
USW00023225,22779,nan,16.0
USW00023225,22781,nan,16.0
USW00023225,22786,nan,16.5
USW00023225,22802,nan,18.5
USW00023225,22815,nan,21.5
USW00023225,22822,nan,17.0
USW00023225,22824,nan,17.0
USW00023225,22827,nan,17.1
USW00023225,22843,nan,20.8
USW00023225,22845,nan,21.35
USW00023225,22860,nan,19.0
USW00023225,22862,nan,19.0
USW00023225,22864,nan,19.0
USW00023225,22866,nan,19.2
USW00023225,22868,nan,18.7
USW00023225,22888,nan,22.1
USW00023225,22890,nan,22.5
USW00023225,22906,nan,20.5
USW00023225,22916,nan,19.5
USW00023225,22924,nan,21.85
USW00023225,22945,nan,18.45
USW00023225,22948,nan,18.95
USW00023225,22952,nan,18.65
USW00023225,22956,nan,18.4
USW00023225,22959,nan,19.7
USW00023225,22964,nan,21.5
USW00023225,22990,nan,19.2
USW00023225,22992,nan,19.5
USW00023225,22994,nan,19.5
USW00023225,22998,nan,19.5
USW00023225,23001,nan,18.65
USW00023225,23004,nan,21.3
USW00023225,23009,nan,22.9
USW00023225,23013,nan,24.5
USW00023225,23030,nan,21.05
USW00023225,23041,nan,27.1
USW00023225,23047,nan,27.6
USW00023225,23068,nan,23.4
USW00023225,23074,nan,26.5
USW00023225,23094,nan,22.1
USW00023225,23098,nan,22.4
USW00023225,23127,nan,24.7
USW00023225,23129,nan,25.0
USW00023225,23154,nan,18.15
USW00023225,23160,nan,20.8
USW00023225,23182,nan,16.05
USW00023225,23185,nan,16.55
USW00023225,23190,nan,17.9
USW00023225,23193,nan,18.5
USW00023225,23197,nan,19.5
USW00023225,23223,nan,14.2
USW00023225,23226,nan,14.5
USW00023225,23229,nan,15.8
USW00023225,23234,nan,17.9
USW00023225,23239,nan,19.4
USW00023225,23241,nan,20.2
USW00023225,23263,nan,13.45
USW00023225,23266,nan,14.5
USW00023225,23270,nan,16.5
USW00023225,23273,nan,17.35
USW00023225,23321,nan,16.05
USW00023225,23327,nan,16.55
USW00023225,23330,nan,16.85
USW00023225,23333,nan,18.4
USW00023225,23336,nan,19.2
USW00023225,23341,nan,20.8
USW00023225,23358,nan,17.0
USW00023225,23364,nan,17.4
USW00023225,23367,nan,17.1
USW00023225,23370,nan,17.1
USW00023225,23379,nan,19.2
USW00023225,23381,nan,19.7
USW00023225,23402,nan,17.1
USW00023225,23406,nan,17.5
USW00023225,23411,nan,17.1
USW00023225,23414,nan,16.85
USW00023225,23421,nan,20.8
USW00023225,23437,nan,18.15
USW00023225,23439,nan,18.15
USW00023225,23521,nan,13.5
USW00023225,23525,nan,13.95
USW00023225,23528,nan,13.95
USW00023225,23530,nan,14.45
USW00023225,23543,nan,16.0
USW00023225,23548,nan,15.5
USW00023225,23661,nan,17.9
USW00023225,23665,nan,18.15
USW00023225,23745,nan,25.85
USW00023225,23825,nan,24.5
USW00023225,23990,nan,19.2
USW00023225,24011,nan,7.9
USW00023225,24013,nan,7.9
USW00023225,24016,nan,7.9
USW00023225,24019,nan,7.9
USW00023225,24022,nan,8.15
USW00023225,24027,nan,7.1
USW00023225,24030,nan,7.1
USW00023225,24035,nan,7.1
USW00023225,24039,nan,7.0
USW00023225,24042,nan,5.3
USW00023225,24046,nan,4.2
USW00023225,24050,nan,4.0
USW00023225,24052,nan,4.0
USW00023225,24060,nan,4.0
USW00023225,24062,nan,3.95
USW00023225,24082,nan,11.0
USW00023225,24142,nan,6.85
USW00023225,24146,nan,6.0
USW00023225,24151,nan,4.5
USW00023225,24155,nan,4.2
USW00023225,25075,nan,14.700000000000001
USW00023232,40344,nan,24.45
USW00023232,44987,nan,12.75
USW00023233,46561,nan,8.0
USW00023233,46633,nan,4.5
USW00023233,46909,nan,7.5
USW00023233,46914,nan,6.0
USW00023233,46917,nan,5.5
USW00023233,47239,nan,4.8
USW00023233,47241,nan,3.5
USW00023233,47324,nan,7.0
USW00023233,47326,nan,6.5
USW00023233,47600,nan,6.35
USW00023233,47603,nan,6.5
USW00023233,48108,nan,11.5
USW00023233,48113,nan,10.0
USW00023233,48120,nan,8.65
USW00023233,48856,nan,9.0
USW00023233,49408,nan,11.05
USW00023233,49432,nan,11.85
USW00023233,49643,nan,9.2
USW00023233,50698,nan,16.35
USW00023233,50705,nan,16.05
USW00023233,50862,nan,13.0
USW00023233,50864,nan,13.5
USW00023233,52142,nan,13.15
USW00023233,52170,nan,14.2
USW00023233,52176,nan,15.0
USW00023233,52546,nan,13.15
USW00023233,52610,nan,14.2
USW00023233,53955,nan,9.2
USW00023233,54032,nan,8.95
USW00023233,54036,nan,8.15
USW00023233,54104,nan,9.2
USW00023233,54707,nan,11.05
USW00023233,54709,nan,11.1
USW00023233,55165,nan,4.4
USW00023237,68788,nan,1.5
USW00023237,68791,nan,0.85
USW00023237,68831,nan,-1.0
USW00023237,68833,nan,-0.8
USW00023237,68835,nan,-1.3
USW00023237,68838,nan,-1.0
USW00023237,68887,nan,1.0
USW00023237,68892,nan,1.0
USW00023237,68894,nan,1.0
USW00023237,68896,nan,1.0
USW00023237,68898,nan,1.6
USW00023237,68922,nan,7.0
USW00023237,68924,nan,7.0
USW00023237,68926,nan,7.1
USW00023237,68930,nan,7.0
USW00023237,68932,nan,7.0
USW00023237,68934,nan,7.0
USW00023237,68980,nan,2.0
USW00023237,69001,nan,2.0
USW00023237,69003,nan,2.5
USW00023237,69005,nan,4.0
USW00023237,69008,nan,5.5
USW00023237,69101,nan,4.0
USW00023237,69103,nan,3.95
USW00023237,69105,nan,4.95
USW00023237,69107,nan,6.0
USW00023237,69524,nan,-2.0
USW00023237,69530,nan,-3.0
USW00023237,69533,nan,-2.0
USW00023237,69739,nan,-1.0
USW00023237,69878,nan,10.0
USW00023237,69880,nan,10.0
USW00023237,69883,nan,9.0
USW00023237,69920,nan,9.2
USW00023237,69923,nan,10.0
USW00023237,69926,nan,9.0
USW00023237,69928,nan,9.0
USW00023237,69938,nan,8.5
USW00023237,69940,nan,8.0
USW00023237,70233,nan,1.0
USW00023237,70236,nan,0.0
USW00023237,70238,nan,0.0
USW00023237,70240,nan,1.5
USW00023237,70333,nan,3.0
USW00023237,70339,nan,4.0
USW00023237,70342,nan,3.0
USW00023237,70345,nan,2.0
USW00023237,70352,nan,5.0
USW00023237,70398,nan,2.0
USW00023237,70402,nan,2.0
USW00023237,70443,nan,5.5
USW00023237,70451,nan,4.0
USW00023237,70453,nan,3.5
USW00023237,70455,nan,3.5
USW00023237,70553,nan,3.5
USW00023237,71591,nan,6.5
USW00023237,71601,nan,6.0
USW00023237,73076,nan,10.0
USW00023237,73078,nan,10.5
USW00023237,75473,nan,19.45
USW00023237,78000,nan,25.85
USW00023237,79058,nan,7.65
USW00023237,80179,nan,13.95
USW00023237,80273,nan,4.4
USW00023237,80278,nan,3.95
USW00023237,80285,nan,2.65
USW00023237,80321,nan,2.75
USW00023237,80964,nan,-1.0
USW00023243,89495,nan,14.5
USW00023243,89902,nan,21.5
USW00023243,89983,nan,16.5
USW00023243,91149,nan,21.0
USW00023243,92276,nan,21.5
USW00023243,93381,nan,17.0
USW00023243,93385,nan,20.0
USW00023243,93389,nan,21.5
USW00023243,93585,nan,17.5
USW00023243,93589,nan,20.0
USW00023243,93661,nan,16.5
USW00023243,93746,nan,15.0
USW00023243,94302,nan,16.5
USW00023243,94305,nan,18.0
USW00023243,95442,nan,14.0
USW00023254,112192,nan,16.95
USW00023254,114611,nan,25.3
USW00023257,121869,nan,24.450000000000003
USW00023257,124098,nan,29.45
USW00023258,128630,nan,12.8
USW00023258,131115,nan,28.049999999999997
USW00023258,132858,nan,29.45
USW00023258,135710,nan,19.200000000000003
USW00023258,135735,nan,20.549999999999997
USW00023258,136323,nan,1.4000000000000004
USW00023259,142220,nan,14.2
USW00023259,142527,nan,15.6
USW00023259,143353,nan,13.95
USW00023259,143918,nan,14.2
USW00023259,145548,nan,15.5
USW00023273,159743,nan,13.05
USW00023275,171330,nan,10.0
USW00023277,181677,nan,13.899999999999999
USW00023285,182570,nan,13.6
USW00023285,183193,nan,11.149999999999999
USW00023285,183268,nan,9.2
USW00023285,184577,nan,9.5
USW00023285,185212,nan,9.45
USW00023285,185214,nan,11.1
USW00023285,185236,nan,12.8
USW00023285,185800,nan,21.1
USW00023285,190890,nan,18.4
USW00023285,191602,nan,4.45
USW00023289,192989,nan,7.0
USW00023289,193372,nan,13.0
USW00023289,195481,nan,22.5
USW00023289,196599,nan,12.5
USW00023289,196614,nan,11.0
USW00023289,196628,nan,11.0
USW00023289,196700,nan,11.5
USW00023289,196807,nan,9.5
USW00023289,196821,nan,9.0
USW00023289,196866,nan,11.5
USW00023289,196893,nan,2.5
USW00023289,196908,nan,5.5
USW00023293,197431,nan,9.1
USW00023293,197449,nan,4.5
USW00024213,206764,nan,7.75
USW00024213,206798,nan,5.550000000000001
USW00024213,206841,nan,0.8499999999999999
USW00024213,206980,nan,9.75
USW00024213,206986,nan,9.45
USW00024213,206994,nan,6.4
USW00024213,207041,nan,8.05
USW00024213,207076,nan,7.2
USW00024213,207086,nan,8.35
USW00024213,207105,nan,4.449999999999999
USW00024213,207120,nan,9.45
USW00024213,207147,nan,9.15
USW00024213,207152,nan,7.5
USW00024213,207167,nan,7.5
USW00024213,207207,nan,6.65
USW00024213,207239,nan,7.5
USW00024213,207245,nan,10.3
USW00024213,207315,nan,8.05
USW00024213,207353,nan,11.95
USW00024213,207368,nan,10.55
USW00024213,207380,nan,8.850000000000001
USW00024213,207474,nan,8.05
USW00024213,207482,nan,7.75
USW00024213,207582,nan,10.8
USW00024213,207584,nan,13.600000000000001
USW00024213,207591,nan,10.85
USW00024213,207655,nan,10.0
USW00024213,207667,nan,8.600000000000001
USW00024213,207674,nan,10.85
USW00024213,207684,nan,7.2
USW00024213,207716,nan,12.5
USW00024213,207748,nan,12.75
USW00024213,207751,nan,13.6
USW00024213,207784,nan,11.149999999999999
USW00024213,207863,nan,11.95
USW00024213,207883,nan,15.85
USW00024213,207903,nan,16.95
USW00024213,207911,nan,15.85
USW00024213,207913,nan,16.7
USW00024213,208041,nan,9.45
USW00024213,208093,nan,12.5
USW00024213,208102,nan,11.95
USW00024213,208109,nan,11.149999999999999
USW00024213,208112,nan,11.65
USW00024213,208121,nan,9.7
USW00024213,208130,nan,11.1
USW00024213,208138,nan,11.7
USW00024213,208140,nan,13.9
USW00024213,208145,nan,12.8
USW00024213,208165,nan,15.850000000000001
USW00024213,208195,nan,13.05
USW00024213,208256,nan,15.850000000000001
USW00024213,208312,nan,14.4
USW00024213,208379,nan,13.9
USW00024213,208384,nan,16.4
USW00024213,208499,nan,11.649999999999999
USW00024213,208535,nan,7.5
USW00024213,208553,nan,8.05
USW00024213,208559,nan,10.0
USW00024213,208584,nan,10.85
USW00024213,208609,nan,6.65
USW00024213,208632,nan,12.8
USW00024213,208645,nan,8.6
USW00024213,208661,nan,12.2
USW00024213,208674,nan,14.15
USW00024213,208684,nan,9.45
USW00024213,208707,nan,11.65
USW00024213,208799,nan,10.85
USW00024213,208835,nan,2.8
USW00024213,208862,nan,8.3
USW00024213,208864,nan,7.2
USW00024213,208870,nan,4.45
USW00024213,208872,nan,5.85
USW00024213,208893,nan,7.800000000000001
USW00024213,208905,nan,8.05
USW00024213,208912,nan,6.699999999999999
USW00024213,208919,nan,7.2
USW00024213,208928,nan,3.85
USW00024216,224848,nan,27.75
USW00024257,232441,nan,21.15
USW00024257,237680,nan,26.95
USW00024259,244207,nan,3.9
USW00024259,247069,nan,40.3
USW00024283,259559,nan,15.0
USW00024283,261228,nan,8.15
USW00024283,261232,nan,8.4
USW00024286,266160,nan,11.55
USW00024286,277136,nan,10.3
USW00053119,279290,nan,20.25
USW00053119,281326,nan,18.6
USW00053119,285894,nan,10.55
USW00053120,294977,nan,28.15
USW00053121,304247,nan,19.5
USW00053130,308788,nan,13.0
USW00053130,311584,nan,16.0
USW00053139,311765,nan,5.6
USW00053139,311988,nan,9.5
USW00053139,312204,nan,12.8
USW00053139,312427,nan,8.25
USW00053139,312639,nan,6.2
USW00053139,312836,nan,7.15
USW00053139,313043,nan,11.6
USW00053139,313271,nan,15.8
USW00053139,313487,nan,13.3
USW00053139,313704,nan,12.5
USW00053139,313889,nan,8.6
USW00053139,314075,nan,8.65
USW00053139,314269,nan,1.9
USW00053139,314475,nan,3.05
USW00053139,314666,nan,4.300000000000001
USW00053139,314873,nan,5.95
USW00053139,315108,nan,10.25
USW00053139,315343,nan,12.25
USW00053139,315557,nan,9.4
USW00053139,315789,nan,10.75
USW00053139,316018,nan,9.8
USW00053139,316250,nan,8.6
USW00053139,316469,nan,12.45
USW00053139,316670,nan,14.45
USW00053139,316824,nan,13.350000000000001
USW00053139,316990,nan,14.649999999999999
USW00053139,317134,nan,14.8
USW00053139,317305,nan,12.649999999999999
USW00053139,317481,nan,11.2
USW00053139,317683,nan,9.45
USW00053139,317907,nan,13.649999999999999
USW00053139,318127,nan,11.75
USW00053139,318344,nan,15.4
USW00053139,318539,nan,15.850000000000001
USW00053139,318745,nan,16.0
USW00053139,318973,nan,13.600000000000001
USW00053139,319173,nan,15.4
USW00053139,319387,nan,13.5
USW00053139,319600,nan,15.95
USW00053139,319788,nan,10.1
USW00053139,319991,nan,12.75
USW00053139,320191,nan,12.4
USW00053139,320390,nan,12.9
USW00053139,320603,nan,11.5
USW00053139,320804,nan,13.4
USW00053139,321043,nan,20.55
USW00053139,321258,nan,17.0
USW00053139,321475,nan,14.9
USW00053139,321687,nan,12.85
USW00053139,321888,nan,14.95
USW00053139,322072,nan,12.850000000000001
USW00053139,322256,nan,14.3
USW00053139,322464,nan,11.2
USW00053139,322671,nan,13.35
USW00053139,322890,nan,11.9
USW00053139,323053,nan,13.600000000000001
USW00053139,323272,nan,12.399999999999999
USW00053139,323488,nan,16.15
USW00053139,323682,nan,12.65
USW00053139,323901,nan,15.9
USW00053139,324124,nan,18.75
USW00053139,324346,nan,19.0
USW00053139,324559,nan,20.0
USW00053139,324769,nan,19.55
USW00053139,324986,nan,22.8
USW00053139,325189,nan,17.3
USW00053139,325362,nan,16.200000000000003
USW00053139,325529,nan,9.9
USW00053139,325717,nan,18.85
USW00053139,325909,nan,15.55
USW00053139,326114,nan,17.4
USW00053139,326341,nan,19.75
USW00053139,326564,nan,23.3
USW00053139,326783,nan,26.1
USW00053139,326992,nan,29.05
USW00053139,327199,nan,28.200000000000003
USW00053139,327391,nan,24.200000000000003
USW00053139,327579,nan,25.2
USW00053139,327776,nan,23.8
USW00053139,327977,nan,22.35
USW00053139,328171,nan,23.3
USW00053139,328354,nan,21.9
USW00053139,328549,nan,17.45
USW00053139,328763,nan,19.0
USW00053139,328963,nan,21.75
USW00053139,329175,nan,21.200000000000003
USW00053139,329387,nan,21.3
USW00053139,329592,nan,21.85
USW00053139,329809,nan,24.65
USW00053139,330010,nan,25.200000000000003
USW00053139,330221,nan,21.95
USW00053139,330413,nan,23.0
USW00053139,330622,nan,23.7
USW00053139,330835,nan,25.6
USW00053139,331058,nan,23.700000000000003
USW00053139,331256,nan,23.1
USW00053139,331468,nan,24.5
USW00053139,331670,nan,27.0
USW00053139,331854,nan,18.1
USW00053139,332039,nan,21.5
USW00053139,332242,nan,23.3
USW00053139,332432,nan,26.9
USW00053139,332642,nan,25.25
USW00053139,332857,nan,29.5
USW00053139,333047,nan,26.2
USW00053139,333250,nan,19.65
USW00053139,333423,nan,16.45
USW00053139,333602,nan,17.9
USW00053139,333801,nan,19.200000000000003
USW00053139,334028,nan,22.85
USW00053139,334241,nan,25.4
USW00053139,334453,nan,27.299999999999997
USW00053139,334669,nan,28.45
USW00053139,334872,nan,22.0
USW00053139,335084,nan,24.6
USW00053139,335292,nan,27.450000000000003
USW00053139,335505,nan,28.950000000000003
USW00053139,335721,nan,30.6
USW00053139,335946,nan,33.3
USW00053139,336158,nan,32.05
USW00053139,336371,nan,29.299999999999997
USW00053139,336562,nan,27.1
USW00053139,336758,nan,25.1
USW00053139,336969,nan,28.25
USW00053139,337184,nan,26.45
USW00053139,337383,nan,22.55
USW00053139,337564,nan,19.450000000000003
USW00053139,337737,nan,23.65
USW00053139,337922,nan,23.700000000000003
USW00053139,338117,nan,24.65
USW00053139,338323,nan,31.700000000000003
USW00053139,338537,nan,31.799999999999997
USW00053139,338756,nan,33.9
USW00053139,338966,nan,36.45
USW00053139,339186,nan,29.3
USW00053139,339395,nan,32.6
USW00053139,339609,nan,28.85
USW00053139,339800,nan,29.75
USW00053139,339993,nan,31.0
USW00053139,340181,nan,29.65
USW00053139,340377,nan,28.1
USW00053139,340594,nan,30.7
USW00053139,340807,nan,26.05
USW00053139,341016,nan,28.3
USW00053139,341231,nan,28.450000000000003
USW00053139,341442,nan,27.4
USW00053139,341641,nan,27.9
USW00053139,341838,nan,31.7
USW00053139,342043,nan,30.0
USW00053139,342240,nan,33.400000000000006
USW00053139,342438,nan,35.25
USW00053139,342635,nan,35.849999999999994
USW00053139,342842,nan,34.25
USW00053139,343058,nan,33.85
USW00053139,343262,nan,35.849999999999994
USW00053139,343479,nan,34.45
USW00053139,343687,nan,36.05
USW00053139,343893,nan,36.95
USW00053139,344119,nan,40.15
USW00053139,344341,nan,39.75
USW00053139,344553,nan,37.3
USW00053139,344759,nan,31.4
USW00053139,344942,nan,39.45
USW00053139,345160,nan,36.849999999999994
USW00053139,345360,nan,35.15
USW00053139,345558,nan,34.35
USW00053139,345775,nan,34.349999999999994
USW00053139,345984,nan,33.349999999999994
USW00053139,346194,nan,33.3
USW00053139,346408,nan,32.35
USW00053139,346598,nan,33.599999999999994
USW00053139,346789,nan,29.9
USW00053139,346992,nan,33.3
USW00053139,347183,nan,34.5
USW00053139,347400,nan,31.35
USW00053139,347581,nan,30.55
USW00053139,347766,nan,33.95
USW00053139,347972,nan,37.849999999999994
USW00053139,348177,nan,40.7
USW00053139,348382,nan,42.4
USW00053139,348584,nan,43.150000000000006
USW00053139,348784,nan,43.35
USW00053139,348989,nan,42.35
USW00053139,349193,nan,44.7
USW00053139,349395,nan,42.95
USW00053139,349603,nan,39.7
USW00053139,349810,nan,42.4
USW00053139,350015,nan,40.5
USW00053139,350217,nan,41.5
USW00053139,350428,nan,38.2
USW00053139,350628,nan,40.15
USW00053139,350820,nan,40.849999999999994
USW00053139,350966,nan,34.3
USW00053139,351152,nan,34.849999999999994
USW00053139,351362,nan,38.4
USW00053139,351568,nan,39.9
USW00053139,351775,nan,37.25
USW00053139,351983,nan,36.75
USW00053139,352185,nan,35.5
USW00053139,352396,nan,37.15
USW00053139,352612,nan,41.25
USW00053139,352809,nan,39.35
USW00053139,352992,nan,35.849999999999994
USW00053139,353154,nan,27.049999999999997
USW00053139,353331,nan,36.75
USW00053139,353526,nan,38.0
USW00053139,353721,nan,42.4
USW00053139,353897,nan,38.25
USW00053139,354078,nan,34.2
USW00053139,354265,nan,32.1
USW00053139,354454,nan,35.15
USW00053139,354659,nan,35.6
USW00053139,354870,nan,37.5
USW00053139,355094,nan,33.150000000000006
USW00053139,355292,nan,34.099999999999994
USW00053139,355514,nan,35.55
USW00053139,355746,nan,36.400000000000006
USW00053139,355962,nan,35.3
USW00053139,356166,nan,36.45
USW00053139,356390,nan,33.15
USW00053139,356594,nan,32.650000000000006
USW00053139,356799,nan,33.65
USW00053139,357010,nan,34.0
USW00053139,357208,nan,33.650000000000006
USW00053139,357411,nan,35.5
USW00053139,357607,nan,35.05
USW00053139,357816,nan,35.849999999999994
USW00053139,358028,nan,39.6
USW00053139,358235,nan,39.6
USW00053139,358437,nan,38.3
USW00053139,358639,nan,31.85
USW00053139,358830,nan,37.8
USW00053139,359022,nan,39.5
USW00053139,359207,nan,40.25
USW00053139,359408,nan,38.4
USW00053139,359607,nan,36.3
USW00053139,359825,nan,34.65
USW00053139,360038,nan,33.1
USW00053139,360198,nan,30.950000000000003
USW00053139,360375,nan,35.55
USW00053139,360553,nan,38.5
USW00053139,360744,nan,38.8
USW00053139,360937,nan,37.25
USW00053139,361117,nan,34.5
USW00053139,361288,nan,36.650000000000006
USW00053139,361465,nan,38.2
USW00053139,361651,nan,35.6
USW00053139,361846,nan,39.349999999999994
USW00053139,362029,nan,38.3
USW00053139,362237,nan,37.85
USW00053139,362429,nan,35.55
USW00053139,362611,nan,31.95
USW00053139,362809,nan,34.95
USW00053139,362972,nan,34.349999999999994
USW00053139,363152,nan,33.75
USW00053139,363320,nan,33.0
USW00053139,363512,nan,34.8
USW00053139,363721,nan,35.099999999999994
USW00053139,363921,nan,34.85
USW00053139,364114,nan,38.95
USW00053139,364337,nan,31.6
USW00053139,364539,nan,30.7
USW00053139,364730,nan,28.95
USW00053139,364934,nan,31.15
USW00053139,365139,nan,27.85
USW00053139,365330,nan,26.25
USW00053139,365544,nan,24.4
USW00053139,365757,nan,28.6
USW00053139,365967,nan,24.35
USW00053139,366127,nan,21.6
USW00053139,366316,nan,23.75
USW00053139,366518,nan,23.8
USW00053139,366734,nan,25.25
USW00053139,366939,nan,26.15
USW00053139,367166,nan,27.799999999999997
USW00053139,367374,nan,26.6
USW00053139,367572,nan,22.75
USW00053139,367734,nan,23.0
USW00053139,367937,nan,22.1
USW00053139,368148,nan,23.35
USW00053139,368355,nan,20.799999999999997
USW00053139,368567,nan,23.8
USW00053139,368755,nan,17.55
USW00053139,368937,nan,18.950000000000003
USW00053139,369127,nan,21.45
USW00053139,369334,nan,20.700000000000003
USW00053139,369546,nan,23.049999999999997
USW00053139,369740,nan,20.5
USW00053139,369945,nan,22.75
USW00053139,370155,nan,16.6
USW00053139,370368,nan,18.75
USW00053139,370599,nan,21.3
USW00053139,370812,nan,21.6
USW00053139,371035,nan,21.05
USW00053139,371264,nan,21.15
USW00053139,371483,nan,22.2
USW00053139,371705,nan,21.2
USW00053139,371930,nan,21.35
USW00053139,372148,nan,21.700000000000003
USW00053139,372374,nan,21.45
USW00053139,372583,nan,27.35
USW00053139,372765,nan,16.25
USW00053139,372942,nan,18.2
USW00053139,373134,nan,15.55
USW00053139,373344,nan,17.299999999999997
USW00053139,373560,nan,17.9
USW00053139,373781,nan,17.6
USW00053139,373981,nan,21.75
USW00053139,374151,nan,18.1
USW00053139,374336,nan,14.45
USW00053139,374548,nan,14.9
USW00053139,374740,nan,15.5
USW00053139,374957,nan,16.25
USW00053139,375169,nan,14.95
USW00053139,375389,nan,18.0
USW00053139,375607,nan,17.55
USW00053139,375813,nan,16.6
USW00053139,376041,nan,17.5
USW00053139,376249,nan,17.05
USW00053139,376459,nan,18.25
USW00053139,376658,nan,15.5
USW00053139,376860,nan,14.7
USW00053139,377049,nan,16.8
USW00053139,377244,nan,17.2
USW00053139,377439,nan,17.95
USW00053139,377624,nan,12.55
USW00053139,377814,nan,14.3
USW00053139,377994,nan,14.4
USW00053139,378182,nan,11.45
USW00053139,378376,nan,11.9
USW00053139,378579,nan,12.649999999999999
USW00053139,378768,nan,11.8
USW00053139,378961,nan,12.85
USW00053139,379170,nan,12.5
USW00053139,379392,nan,12.95
USW00053139,379609,nan,12.75
USW00053139,379829,nan,12.95
USW00053139,380034,nan,11.1
USW00053139,380189,nan,7.05
USW00053139,380357,nan,4.5
USW00053139,380559,nan,4.05
USW00053139,380745,nan,8.5
USW00053139,380935,nan,5.949999999999999
USW00053139,381146,nan,3.5
USW00053139,381364,nan,5.15
USW00053139,381594,nan,5.5
USW00053139,381808,nan,6.75
USW00053139,382032,nan,13.0
USW00053139,382262,nan,11.0
USW00053139,382484,nan,12.399999999999999
USW00053139,382713,nan,9.9
USW00053139,382914,nan,10.8
USW00053139,383108,nan,11.55
USW00053139,383318,nan,12.1
USW00053139,383538,nan,10.350000000000001
USW00053139,383752,nan,9.45
USW00053139,383963,nan,11.15
USW00053139,384168,nan,10.9
USW00053139,384398,nan,10.85
USW00053139,384633,nan,15.5
USW00053139,384858,nan,10.65
USW00053139,385059,nan,11.2
USW00053139,385278,nan,18.5
USW00053139,385490,nan,12.9
USW00053139,385706,nan,11.15
USW00053141,386023,nan,3.5
USW00053141,386071,nan,8.8
USW00053141,386074,nan,8.0
USW00053141,386076,nan,7.5
USW00053141,386078,nan,7.5
USW00053141,386080,nan,7.5
USW00053141,386084,nan,6.5
USW00053141,386086,nan,6.0
USW00053141,386090,nan,5.5
USW00053141,386555,nan,13.0
USW00053141,388673,nan,13.0
USW00053143,395969,nan,11.5
USW00053143,398760,nan,17.0
USW00053143,398769,nan,25.0
USW00053143,399003,nan,18.5
USW00053143,399028,nan,22.5
USW00053143,400998,nan,18.5
USW00053144,401940,nan,-7.800000000000001
USW00053144,402919,nan,8.9
USW00053144,403547,nan,6.7
USW00053144,403722,nan,4.449999999999999
USW00053144,403783,nan,-3.85
USW00053144,404113,nan,1.1
USW00053144,404319,nan,8.6
USW00053144,404407,nan,-1.4
USW00053144,404706,nan,20.3
USW00053144,404820,nan,6.55
USW00053144,404866,nan,6.15
USW00053144,405726,nan,22.2
USW00053144,405774,nan,18.9
USW00053144,405949,nan,26.4
USW00053144,405951,nan,26.1
USW00053144,406147,nan,27.2
USW00053144,406180,nan,22.5
USW00053144,406184,nan,23.6
USW00053144,406297,nan,15.6
USW00053144,407096,nan,11.1
USW00053144,407391,nan,19.200000000000003
USW00053144,410124,nan,25.3
USW00053150,413530,nan,-0.6499999999999999
USW00053150,413735,nan,0.2
USW00053150,413927,nan,5.4
USW00053150,414105,nan,4.35
USW00053150,414249,nan,3.1500000000000004
USW00053150,414393,nan,-3.25
USW00053150,414485,nan,-4.95
USW00053150,414517,nan,-1.2999999999999998
USW00053150,414701,nan,6.65
USW00053150,414857,nan,8.2
USW00053150,415012,nan,-6.800000000000001
USW00053150,415161,nan,-10.850000000000001
USW00053150,415295,nan,-8.9
USW00053150,415431,nan,-9.95
USW00053150,415564,nan,-9.2
USW00053150,415591,nan,-6.5
USW00053150,415761,nan,0.75
USW00053150,415971,nan,10.8
USW00053150,416144,nan,12.55
USW00053150,416315,nan,8.85
USW00053150,416490,nan,7.1
USW00053150,416631,nan,6.65
USW00053150,416783,nan,8.850000000000001
USW00053150,416956,nan,10.9
USW00053150,417124,nan,6.55
USW00053150,417283,nan,2.9
USW00053150,417403,nan,4.05
USW00053150,417542,nan,5.1
USW00053150,417679,nan,-1.4
USW00053150,417866,nan,-5.5
USW00053150,418015,nan,-4.45
USW00053150,418191,nan,7.05
USW00053150,418354,nan,8.3
USW00053150,418511,nan,7.1
USW00053150,418694,nan,5.199999999999999
USW00053150,418842,nan,7.35
USW00053150,419002,nan,6.35
USW00053150,419163,nan,5.5
USW00053150,419324,nan,0.95
USW00053150,419494,nan,2.3
USW00053150,419647,nan,-6.3
USW00053150,419797,nan,-4.35
USW00053150,419976,nan,-2.5999999999999996
USW00053150,420162,nan,-3.1
USW00053150,420355,nan,-0.5
USW00053150,420553,nan,1.5
USW00053150,420748,nan,3.45
USW00053150,420942,nan,6.35
USW00053150,421124,nan,8.35
USW00053150,421297,nan,4.1
USW00053150,421467,nan,2.4
USW00053150,421642,nan,-0.75
USW00053150,421756,nan,-7.7
USW00053150,421906,nan,-4.3
USW00053150,422082,nan,-2.05
USW00053150,422273,nan,-0.45
USW00053150,422440,nan,-2.35
USW00053150,422640,nan,2.8499999999999996
USW00053150,422834,nan,0.5
USW00053150,423022,nan,3.45
USW00053150,423210,nan,3.2
USW00053150,423399,nan,5.25
USW00053150,423582,nan,8.2
USW00053150,423750,nan,4.6
USW00053150,423851,nan,-0.2
USW00053150,424026,nan,2.3
USW00053150,424188,nan,-0.45
USW00053150,424296,nan,-2.6
USW00053150,424392,nan,-3.5
USW00053150,424531,nan,-2.45
USW00053150,424696,nan,3.6500000000000004
USW00053150,424906,nan,5.4
USW00053150,425096,nan,7.25
USW00053150,425279,nan,9.4
USW00053150,425462,nan,11.9
USW00053150,425649,nan,10.55
USW00053150,425831,nan,9.05
USW00053150,426022,nan,4.15
USW00053150,426180,nan,7.1
USW00053150,426340,nan,4.85
USW00053150,426516,nan,1.45
USW00053150,426657,nan,2.9
USW00053150,426839,nan,4.05
USW00053150,427016,nan,3.7
USW00053150,427184,nan,4.35
USW00053150,427370,nan,6.9
USW00053150,427555,nan,4.65
USW00053150,427713,nan,3.0
USW00053150,427882,nan,3.05
USW00053150,428046,nan,4.199999999999999
USW00053150,428233,nan,8.4
USW00053150,428412,nan,4.9
USW00053150,428585,nan,0.0
USW00053150,428731,nan,4.1
USW00053150,428911,nan,5.4
USW00053150,429095,nan,7.7
USW00053150,429235,nan,2.95
USW00053150,429425,nan,3.45
USW00053150,429597,nan,3.8
USW00053150,429770,nan,-1.25
USW00053150,429851,nan,1.85
USW00053150,429929,nan,-2.4
USW00053150,430111,nan,6.25
USW00053150,430315,nan,7.199999999999999
USW00053150,430515,nan,9.1
USW00053150,430710,nan,7.45
USW00053150,430889,nan,8.0
USW00053150,431064,nan,1.95
USW00053150,431248,nan,-4.6
USW00053150,431435,nan,-2.6
USW00053150,431618,nan,1.65
USW00053150,431808,nan,6.1
USW00053150,431995,nan,6.75
USW00053150,432193,nan,10.1
USW00053150,432376,nan,10.45
USW00053150,432555,nan,12.850000000000001
USW00053150,432729,nan,8.55
USW00053150,432912,nan,10.05
USW00053150,433089,nan,9.399999999999999
USW00053150,433270,nan,12.75
USW00053150,433458,nan,14.350000000000001
USW00053150,433631,nan,14.65
USW00053150,433810,nan,12.5
USW00053150,433980,nan,12.5
USW00053150,434170,nan,12.75
USW00053150,434341,nan,13.6
USW00053150,434517,nan,12.4
USW00053150,434692,nan,10.149999999999999
USW00053150,434871,nan,3.55
USW00053150,435020,nan,1.1
USW00053150,435127,nan,2.7
USW00053150,435236,nan,5.550000000000001
USW00053150,435414,nan,10.7
USW00053150,435590,nan,16.2
USW00053150,435761,nan,17.15
USW00053150,435945,nan,17.1
USW00053150,436105,nan,15.2
USW00053150,436297,nan,12.350000000000001
USW00053150,436477,nan,9.5
USW00053150,436617,nan,4.0
USW00053150,436791,nan,7.050000000000001
USW00053150,436958,nan,9.05
USW00053150,437144,nan,13.3
USW00053150,437325,nan,11.15
USW00053150,437503,nan,8.05
USW00053150,437677,nan,1.85
USW00053150,437860,nan,8.0
USW00053150,438051,nan,6.05
USW00053150,438241,nan,6.2
USW00053150,438417,nan,7.1
USW00053150,438588,nan,6.7
USW00053150,438640,nan,8.5
USW00053150,438756,nan,9.399999999999999
USW00053150,438948,nan,10.4
USW00053150,439124,nan,14.15
USW00053150,439314,nan,15.2
USW00053150,439494,nan,16.8
USW00053150,439679,nan,15.25
USW00053150,439865,nan,17.4
USW00053150,440034,nan,18.35
USW00053150,440228,nan,18.25
USW00053150,440426,nan,20.85
USW00053150,440620,nan,23.299999999999997
USW00053150,440793,nan,22.0
USW00053150,440976,nan,16.05
USW00053150,441160,nan,11.95
USW00053150,441351,nan,13.8
USW00053150,441530,nan,11.45
USW00053150,441722,nan,13.6
USW00053150,441895,nan,11.850000000000001
USW00053150,442080,nan,13.4
USW00053150,442257,nan,14.8
USW00053150,442442,nan,11.55
USW00053150,442620,nan,5.95
USW00053150,442807,nan,8.95
USW00053150,442970,nan,11.5
USW00053150,443142,nan,13.75
USW00053150,443318,nan,13.5
USW00053150,443506,nan,8.850000000000001
USW00053150,443629,nan,8.25
USW00053150,443779,nan,12.3
USW00053150,443947,nan,15.850000000000001
USW00053150,444130,nan,21.35
USW00053150,444308,nan,21.799999999999997
USW00053150,444483,nan,21.6
USW00053150,444648,nan,22.85
USW00053150,444833,nan,25.200000000000003
USW00053150,445016,nan,23.6
USW00053150,445201,nan,23.5
USW00053150,445393,nan,20.549999999999997
USW00053150,445563,nan,18.0
USW00053150,445745,nan,17.0
USW00053150,445927,nan,18.0
USW00053150,446096,nan,19.0
USW00053150,446272,nan,18.75
USW00053150,446459,nan,18.55
USW00053150,446635,nan,15.95
USW00053150,446814,nan,15.75
USW00053150,446996,nan,16.85
USW00053150,447186,nan,17.65
USW00053150,447360,nan,16.0
USW00053150,447544,nan,14.8
USW00053150,447730,nan,18.15
USW00053150,447912,nan,19.35
USW00053150,448087,nan,21.55
USW00053150,448280,nan,20.6
USW00053150,448481,nan,19.05
USW00053150,448691,nan,17.450000000000003
USW00053150,448864,nan,17.65
USW00053150,449043,nan,19.35
USW00053150,449219,nan,19.5
USW00053150,449400,nan,19.7
USW00053150,449578,nan,19.4
USW00053150,449761,nan,16.9
USW00053150,449941,nan,17.4
USW00053150,450129,nan,16.950000000000003
USW00053150,450312,nan,15.4
USW00053150,450496,nan,14.7
USW00053150,450679,nan,14.05
USW00053150,450868,nan,15.350000000000001
USW00053150,451047,nan,16.1
USW00053150,451242,nan,16.9
USW00053150,451413,nan,14.2
USW00053150,451587,nan,11.95
USW00053150,451773,nan,11.149999999999999
USW00053150,451950,nan,11.850000000000001
USW00053150,452129,nan,13.149999999999999
USW00053150,452306,nan,14.0
USW00053150,452477,nan,15.6
USW00053150,452667,nan,16.75
USW00053150,452858,nan,18.0
USW00053150,453045,nan,18.45
USW00053150,453214,nan,18.95
USW00053150,453398,nan,18.35
USW00053150,453583,nan,20.65
USW00053150,453774,nan,21.05
USW00053150,453964,nan,18.8
USW00053150,454133,nan,16.65
USW00053150,454326,nan,15.45
USW00053150,454517,nan,14.2
USW00053150,454701,nan,13.1
USW00053150,454872,nan,13.7
USW00053150,455045,nan,15.1
USW00053150,455211,nan,15.6
USW00053150,455384,nan,15.9
USW00053150,455560,nan,17.75
USW00053150,455747,nan,19.95
USW00053150,455904,nan,18.200000000000003
USW00053150,456088,nan,15.4
USW00053150,456256,nan,15.65
USW00053150,456432,nan,16.0
USW00053150,456605,nan,15.850000000000001
USW00053150,456783,nan,15.95
USW00053150,456966,nan,16.55
USW00053150,457157,nan,17.95
USW00053150,457312,nan,18.75
USW00053150,457491,nan,18.45
USW00053150,457679,nan,16.65
USW00053150,457836,nan,14.3
USW00053150,458018,nan,16.05
USW00053150,458197,nan,18.25
USW00053150,458387,nan,16.5
USW00053150,458560,nan,16.299999999999997
USW00053150,458746,nan,13.25
USW00053150,458933,nan,10.55
USW00053150,459122,nan,12.600000000000001
USW00053150,459317,nan,15.65
USW00053150,459496,nan,9.649999999999999
USW00053150,459652,nan,1.1
USW00053150,459822,nan,9.25
USW00053150,459999,nan,12.35
USW00053150,460189,nan,6.15
USW00053150,460369,nan,2.55
USW00053150,460559,nan,4.5
USW00053150,460745,nan,6.5
USW00053150,460937,nan,10.1
USW00053150,461117,nan,9.8
USW00053150,461295,nan,10.25
USW00053150,461482,nan,9.0
USW00053150,461671,nan,7.949999999999999
USW00053150,461862,nan,9.399999999999999
USW00053150,462068,nan,9.55
USW00053150,462255,nan,14.25
USW00053150,462455,nan,11.45
USW00053150,462637,nan,10.35
USW00053150,462808,nan,5.699999999999999
USW00053150,462935,nan,0.95
USW00053150,462937,nan,1.55
USW00053150,463139,nan,3.5
USW00053150,463325,nan,5.550000000000001
USW00053150,463499,nan,3.8499999999999996
USW00053150,463680,nan,7.0
USW00053150,463867,nan,7.0
USW00053150,464043,nan,7.35
USW00053150,464221,nan,9.100000000000001
USW00053150,464397,nan,10.65
USW00053150,464595,nan,11.9
USW00053150,464751,nan,12.55
USW00053150,464920,nan,12.95
USW00053150,465102,nan,12.649999999999999
USW00053150,465255,nan,12.45
USW00053150,465410,nan,12.149999999999999
USW00053150,465603,nan,11.7
USW00053150,465780,nan,11.7
USW00053150,465956,nan,12.649999999999999
USW00053150,466131,nan,-1.0
USW00053150,466243,nan,-2.1500000000000004
USW00053150,466364,nan,0.04999999999999999
USW00053150,466543,nan,4.9
USW00053150,466732,nan,9.6
USW00053150,466927,nan,9.5
USW00053150,467113,nan,6.45
USW00053150,467292,nan,3.9000000000000004
USW00053150,467483,nan,3.6
USW00053150,467680,nan,6.800000000000001
USW00053150,467861,nan,9.75
USW00053150,468024,nan,10.350000000000001
USW00053150,468196,nan,9.850000000000001
USW00053150,468376,nan,8.95
USW00053150,468561,nan,11.4
USW00053150,468754,nan,11.95
USW00053150,468918,nan,11.95
USW00053150,469096,nan,12.75
USW00053150,469270,nan,4.35
USW00053150,469442,nan,3.1
USW00053150,469633,nan,2.15
USW00053150,469818,nan,5.1
USW00053150,469987,nan,2.55
USW00053150,470144,nan,2.55
USW00053150,470263,nan,0.9
USW00053150,470403,nan,1.9500000000000002
USW00053150,470588,nan,1.6
USW00053150,470766,nan,-0.15000000000000002
USW00053150,470788,nan,-0.15000000000000002
USW00053150,470924,nan,0.30000000000000004
USW00053150,471108,nan,8.0
USW00053150,471278,nan,6.85
USW00053150,471441,nan,4.0
USW00053150,471609,nan,4.1
USW00053150,471771,nan,4.8
USW00053150,471956,nan,5.35
USW00053150,472147,nan,11.8
USW00053150,472308,nan,4.75
USW00053150,472459,nan,-5.7
USW00053150,472624,nan,-7.9
USW00053150,472762,nan,-7.85
USW00053150,472925,nan,-8.5
USW00053150,473062,nan,-12.0
USW00053150,473240,nan,-3.2
USW00053150,473441,nan,1.7000000000000002
USW00053150,473607,nan,4.199999999999999
USW00053150,473778,nan,6.1
USW00053150,473950,nan,3.1500000000000004
USW00053150,474130,nan,6.4
USW00053150,474318,nan,9.65
USW00053150,474511,nan,12.45
USW00053150,474683,nan,14.05
USW00053150,474842,nan,11.95
USW00053150,475019,nan,1.45
USW00053150,475179,nan,-1.2000000000000002
USW00053150,475359,nan,3.45
USW00053150,475534,nan,6.4
USW00053150,475717,nan,5.15
USW00053150,475901,nan,8.899999999999999
USW00053150,476070,nan,12.2
USW00053150,476258,nan,8.350000000000001
USW00053150,476434,nan,12.5
USW00053150,476586,nan,8.350000000000001
USW00053150,476760,nan,9.65
USW00053150,476949,nan,6.85
USW00053150,477125,nan,8.45
USW00053151,477315,nan,5.0
USW00053151,477477,nan,8.850000000000001
USW00053151,477674,nan,8.05
USW00053151,477892,nan,8.95
USW00053151,478091,nan,7.95
USW00053151,478289,nan,8.15
USW00053151,478459,nan,6.6
USW00053151,478651,nan,9.55
USW00053151,478860,nan,12.5
USW00053151,479055,nan,9.6
USW00053151,479192,nan,4.9
USW00053151,479397,nan,4.050000000000001
USW00053151,479602,nan,2.6
USW00053151,479790,nan,4.35
USW00053151,479972,nan,3.05
USW00053151,480187,nan,6.5
USW00053151,480382,nan,15.55
USW00053151,480568,nan,14.25
USW00053151,480780,nan,13.95
USW00053151,480983,nan,13.8
USW00053151,481208,nan,13.0
USW00053151,481436,nan,15.05
USW00053151,481648,nan,16.5
USW00053151,481838,nan,15.0
USW00053151,482016,nan,14.8
USW00053151,482148,nan,13.6
USW00053151,482247,nan,12.4
USW00053151,482361,nan,7.65
USW00053151,482559,nan,7.0
USW00053151,482758,nan,6.35
USW00053151,482958,nan,10.55
USW00053151,483154,nan,13.55
USW00053151,483357,nan,14.95
USW00053151,483539,nan,16.55
USW00053151,483738,nan,12.45
USW00053151,483940,nan,8.6
USW00053151,484068,nan,9.55
USW00053151,484234,nan,7.9
USW00053151,484408,nan,9.149999999999999
USW00053151,484574,nan,4.55
USW00053151,484755,nan,5.5
USW00053151,484927,nan,5.4
USW00053151,485127,nan,6.550000000000001
USW00053151,485329,nan,7.2
USW00053151,485526,nan,10.7
USW00053151,485732,nan,14.5
USW00053151,485949,nan,15.100000000000001
USW00053151,486155,nan,13.399999999999999
USW00053151,486336,nan,9.649999999999999
USW00053151,486501,nan,7.55
USW00053151,486603,nan,5.4
USW00053151,486787,nan,6.449999999999999
USW00053151,486989,nan,5.75
USW00053151,487173,nan,7.95
USW00053151,487353,nan,7.2
USW00053151,487560,nan,8.5
USW00053151,487774,nan,7.05
USW00053151,487980,nan,13.05
USW00053151,488184,nan,11.4
USW00053151,488385,nan,14.05
USW00053151,488593,nan,17.0
USW00053151,488811,nan,14.55
USW00053151,489005,nan,10.7
USW00053151,489168,nan,10.350000000000001
USW00053151,489339,nan,9.5
USW00053151,489501,nan,10.05
USW00053151,489648,nan,8.55
USW00053151,489805,nan,7.45
USW00053151,489958,nan,7.6
USW00053151,490158,nan,11.5
USW00053151,490350,nan,12.7
USW00053151,490538,nan,17.549999999999997
USW00053151,490747,nan,15.4
USW00053151,490971,nan,17.15
USW00053151,491189,nan,10.5
USW00053151,491383,nan,9.4
USW00053151,491548,nan,10.7
USW00053151,491708,nan,9.6
USW00053151,491886,nan,10.55
USW00053151,492073,nan,11.0
USW00053151,492254,nan,11.1
USW00053151,492421,nan,10.5
USW00053151,492620,nan,10.15
USW00053151,492830,nan,13.05
USW00053151,493032,nan,12.3
USW00053151,493104,nan,11.149999999999999
USW00053151,493242,nan,11.1
USW00053151,493419,nan,9.95
USW00053151,493623,nan,12.45
USW00053151,493813,nan,13.4
USW00053151,494009,nan,10.05
USW00053151,494051,nan,12.85
USW00053151,494162,nan,12.0
USW00053151,494338,nan,11.4
USW00053151,494527,nan,11.0
USW00053151,494711,nan,11.45
USW00053151,494883,nan,11.649999999999999
USW00053151,495035,nan,12.5
USW00053151,495205,nan,11.350000000000001
USW00053151,495370,nan,12.2
USW00053151,495517,nan,10.0
USW00053151,495727,nan,10.45
USW00053151,495945,nan,14.75
USW00053151,496143,nan,12.149999999999999
USW00053151,496315,nan,12.2
USW00053151,496477,nan,10.45
USW00053151,496598,nan,10.7
USW00053151,496743,nan,9.2
USW00053151,496911,nan,9.149999999999999
USW00053151,497133,nan,11.149999999999999
USW00053151,497347,nan,13.85
USW00053151,497575,nan,12.100000000000001
USW00053151,497784,nan,17.25
USW00053151,497998,nan,10.1
USW00053151,498052,nan,12.7
USW00053151,498179,nan,11.8
USW00053151,498356,nan,11.2
USW00053151,498472,nan,12.25
USW00053151,498652,nan,12.05
USW00053151,498850,nan,11.649999999999999
USW00053151,499064,nan,12.1
USW00053151,499107,nan,14.25
USW00053151,499250,nan,10.95
USW00053151,499299,nan,13.6
USW00053151,499425,nan,12.55
USW00053151,499593,nan,12.6
USW00053151,499774,nan,12.95
USW00053151,499999,nan,20.4
USW00053151,500224,nan,17.0
USW00053151,500417,nan,13.1
USW00053151,500560,nan,12.0
USW00053151,500698,nan,12.8
USW00053151,500871,nan,12.7
USW00053151,501038,nan,13.1
USW00053151,501214,nan,12.2
USW00053151,501403,nan,15.1
USW00053151,501466,nan,16.25
USW00053151,501614,nan,21.6
USW00053151,501832,nan,24.65
USW00053151,502054,nan,19.25
USW00053151,502256,nan,14.5
USW00053151,502441,nan,13.65
USW00053151,502600,nan,14.1
USW00053151,502748,nan,14.850000000000001
USW00053151,502935,nan,12.75
USW00053151,503126,nan,14.4
USW00053151,503321,nan,13.7
USW00053151,503366,nan,16.0
USW00053151,503496,nan,14.9
USW00053151,503650,nan,14.4
USW00053151,503821,nan,13.649999999999999
USW00053151,504004,nan,12.05
USW00053151,504177,nan,12.8
USW00053151,504359,nan,11.5
USW00053151,504552,nan,14.350000000000001
USW00053151,504728,nan,13.5
USW00053151,504909,nan,14.6
USW00053151,505088,nan,15.0
USW00053151,505270,nan,14.2
USW00053151,505454,nan,14.2
USW00053151,505619,nan,14.65
USW00053151,505789,nan,15.0
USW00053151,505953,nan,15.149999999999999
USW00053151,506138,nan,14.2
USW00053151,506328,nan,14.55
USW00053151,506500,nan,14.1
USW00053151,506668,nan,14.350000000000001
USW00053151,506852,nan,13.55
USW00053151,507043,nan,14.8
USW00053151,507234,nan,14.649999999999999
USW00053151,507385,nan,15.3
USW00053151,507565,nan,14.3
USW00053151,507748,nan,13.45
USW00053151,507935,nan,13.600000000000001
USW00053151,508133,nan,14.4
USW00053151,508191,nan,15.4
USW00053151,508336,nan,15.05
USW00053151,508533,nan,15.1
USW00053151,508725,nan,15.3
USW00053151,508928,nan,16.35
USW00053151,509133,nan,15.05
USW00053151,509331,nan,14.55
USW00053151,509509,nan,14.850000000000001
USW00053151,509679,nan,15.2
USW00053151,509877,nan,16.35
USW00053151,510068,nan,17.8
USW00053151,510284,nan,19.75
USW00053151,510503,nan,24.299999999999997
USW00053151,510734,nan,28.7
USW00053151,510957,nan,21.75
USW00053151,511177,nan,21.75
USW00053151,511401,nan,18.45
USW00053151,511620,nan,16.0
USW00053151,511810,nan,15.75
USW00053151,511998,nan,17.1
USW00053151,512185,nan,17.1
USW00053151,512368,nan,16.6
USW00053151,512425,nan,18.65
USW00053151,512573,nan,22.1
USW00053151,512779,nan,19.25
USW00053151,512958,nan,17.65
USW00053151,513143,nan,18.65
USW00053151,513333,nan,17.700000000000003
USW00053151,513521,nan,17.55
USW00053151,513710,nan,17.6
USW00053151,513909,nan,17.0
USW00053151,513961,nan,17.1
USW00053151,514121,nan,17.35
USW00053151,514327,nan,17.3
USW00053151,514536,nan,16.7
USW00053151,514732,nan,15.55
USW00053151,514905,nan,16.05
USW00053151,515065,nan,16.4
USW00053151,515247,nan,17.6
USW00053151,515427,nan,16.85
USW00053151,515605,nan,16.1
USW00053151,515796,nan,17.25
USW00053151,515988,nan,16.4
USW00053151,516169,nan,15.350000000000001
USW00053151,516337,nan,14.25
USW00053151,516524,nan,14.350000000000001
USW00053151,516710,nan,14.75
USW00053151,516891,nan,15.3
USW00053151,517070,nan,14.75
USW00053151,517261,nan,14.850000000000001
USW00053151,517456,nan,14.350000000000001
USW00053151,517503,nan,15.399999999999999
USW00053151,517640,nan,15.05
USW00053151,517701,nan,16.15
USW00053151,517844,nan,14.45
USW00053151,518032,nan,14.05
USW00053151,518081,nan,16.1
USW00053151,518222,nan,15.9
USW00053151,518433,nan,14.7
USW00053151,518625,nan,13.05
USW00053151,518679,nan,15.7
USW00053151,518810,nan,14.149999999999999
USW00053151,519019,nan,14.4
USW00053151,519208,nan,14.05
USW00053151,519391,nan,14.4
USW00053151,519436,nan,16.75
USW00053151,519586,nan,15.75
USW00053151,519788,nan,18.35
USW00053151,520000,nan,19.65
USW00053151,520225,nan,16.95
USW00053151,520451,nan,15.3
USW00053151,520640,nan,16.15
USW00053151,520848,nan,17.15
USW00053151,521073,nan,18.25
USW00053151,521290,nan,18.2
USW00053151,521503,nan,18.95
USW00053151,521707,nan,16.45
USW00053151,521925,nan,24.8
USW00053151,522123,nan,19.8
USW00053151,522340,nan,24.85
USW00053151,522544,nan,24.45
USW00053151,522752,nan,28.6
USW00053151,522942,nan,25.0
USW00053151,523130,nan,21.35
USW00053151,523316,nan,20.5
USW00053151,523524,nan,22.6
USW00053151,523725,nan,24.65
USW00053151,523941,nan,26.65
USW00053151,524168,nan,27.25
USW00053151,524374,nan,26.95
USW00053151,524578,nan,24.5
USW00053151,524784,nan,19.5
USW00053151,524979,nan,16.05
USW00053151,525159,nan,15.2
USW00053151,525351,nan,16.1
USW00053151,525565,nan,18.799999999999997
USW00053151,525776,nan,20.0
USW00053151,525981,nan,19.4
USW00053151,526194,nan,21.8
USW00053151,526403,nan,18.05
USW00053151,526597,nan,15.8
USW00053151,526774,nan,15.8
USW00053151,526959,nan,16.299999999999997
USW00053151,527112,nan,15.850000000000001
USW00053151,527285,nan,15.3
USW00053151,527476,nan,16.200000000000003
USW00053151,527680,nan,19.8
USW00053151,527875,nan,17.0
USW00053151,528054,nan,15.3
USW00053151,528227,nan,13.0
USW00053151,528436,nan,17.1
USW00053151,528655,nan,18.549999999999997
USW00053151,528878,nan,17.1
USW00053151,529075,nan,18.4
USW00053151,529275,nan,15.149999999999999
USW00053151,529436,nan,15.75
USW00053151,529596,nan,15.5
USW00053151,529794,nan,20.4
USW00053151,530011,nan,20.55
USW00053151,530228,nan,20.1
USW00053151,530431,nan,13.4
USW00053151,530605,nan,13.6
USW00053151,530748,nan,9.6
USW00053151,530955,nan,11.25
USW00053151,531138,nan,13.35
USW00053151,531342,nan,14.1
USW00053151,531524,nan,12.1
USW00053151,531713,nan,19.3
USW00053151,531913,nan,18.95
USW00053151,532110,nan,16.8
USW00053151,532295,nan,16.05
USW00053151,532504,nan,19.049999999999997
USW00053151,532716,nan,18.6
USW00053151,532915,nan,15.6
USW00053151,533113,nan,14.5
USW00053151,533317,nan,11.95
USW00053151,533477,nan,14.350000000000001
USW00053151,533632,nan,11.95
USW00053151,533830,nan,13.75
USW00053151,534044,nan,14.25
USW00053151,534233,nan,13.4
USW00053151,534375,nan,11.149999999999999
USW00053151,534560,nan,10.649999999999999
USW00053151,534759,nan,11.6
USW00053151,534968,nan,14.8
USW00053151,535188,nan,17.5
USW00053151,535380,nan,12.25
USW00053151,535546,nan,13.7
USW00053151,535693,nan,10.6
USW00053151,535888,nan,12.9
USW00053151,536092,nan,17.6
USW00053151,536308,nan,17.6
USW00053151,536511,nan,14.600000000000001
USW00053151,536711,nan,15.0
USW00053151,536924,nan,14.399999999999999
USW00053151,537145,nan,15.399999999999999
USW00053151,537346,nan,19.85
USW00053151,537549,nan,21.9
USW00053151,537760,nan,15.649999999999999
USW00053151,537910,nan,13.5
USW00053151,538051,nan,11.8
USW00053151,538234,nan,10.5
USW00053151,538409,nan,13.3
USW00053151,538551,nan,12.3
USW00053151,538672,nan,12.55
USW00053151,538750,nan,11.149999999999999
USW00053151,538879,nan,8.75
USW00053151,539055,nan,9.3
USW00053151,539253,nan,10.25
USW00053151,539456,nan,12.45
USW00053151,539639,nan,16.9
USW00053151,539831,nan,13.1
USW00053151,539998,nan,12.350000000000001
USW00053151,540171,nan,12.3
USW00053151,540364,nan,14.15
USW00053151,540584,nan,13.649999999999999
USW00053151,540789,nan,14.75
USW00053151,540951,nan,12.0
USW00053151,541144,nan,7.15
USW00053151,541335,nan,6.85
USW00053151,541518,nan,7.699999999999999
USW00053151,541677,nan,7.35
USW00053151,541841,nan,5.199999999999999
USW00053151,542026,nan,7.5
USW00053151,542222,nan,9.05
USW00053151,542416,nan,12.350000000000001
USW00053151,542616,nan,7.95
USW00053151,542812,nan,10.05
USW00053151,543023,nan,15.15
USW00053151,543224,nan,19.1
USW00053151,543432,nan,19.549999999999997
USW00053151,543634,nan,17.65
USW00053151,543825,nan,11.350000000000001
USW00053151,543958,nan,6.5
USW00053151,544157,nan,8.1
USW00053151,544349,nan,7.449999999999999
USW00053151,544535,nan,11.5
USW00053151,544737,nan,15.05
USW00053151,544946,nan,16.4
USW00053151,545138,nan,16.700000000000003
USW00053151,545327,nan,14.95
USW00053151,545542,nan,15.45
USW00053151,545743,nan,10.85
USW00053151,545942,nan,12.399999999999999
USW00053151,546157,nan,11.95
USW00053152,546372,nan,4.65
USW00053152,546567,nan,3.8
USW00053152,546775,nan,3.05
USW00053152,547002,nan,2.8
USW00053152,547213,nan,4.4
USW00053152,547406,nan,9.05
USW00053152,547584,nan,9.25
USW00053152,547813,nan,9.5
USW00053152,548021,nan,6.25
USW00053152,548210,nan,8.65
USW00053152,548392,nan,7.15
USW00053152,548592,nan,4.55
USW00053152,548801,nan,3.9
USW00053152,548998,nan,0.3
USW00053152,549214,nan,2.0999999999999996
USW00053152,549408,nan,4.1
USW00053152,549625,nan,4.65
USW00053152,549855,nan,4.9
USW00053152,550087,nan,5.7
USW00053152,550318,nan,4.6
USW00053152,550550,nan,5.75
USW00053152,550795,nan,5.85
USW00053152,551038,nan,8.95
USW00053152,551232,nan,12.95
USW00053152,551332,nan,13.3
USW00053152,551474,nan,12.149999999999999
USW00053152,551632,nan,8.45
USW00053152,551825,nan,10.5
USW00053152,552029,nan,7.8
USW00053152,552238,nan,7.199999999999999
USW00053152,552437,nan,6.2
USW00053152,552632,nan,7.9
USW00053152,552827,nan,9.85
USW00053152,553024,nan,12.350000000000001
USW00053152,553236,nan,9.7
USW00053152,553418,nan,11.25
USW00053152,553567,nan,6.6
USW00053152,553766,nan,6.75
USW00053152,553947,nan,10.05
USW00053152,554128,nan,6.35
USW00053152,554322,nan,5.2
USW00053152,554518,nan,4.65
USW00053152,554710,nan,5.9
USW00053152,554901,nan,5.85
USW00053152,555092,nan,8.15
USW00053152,555159,nan,8.6
USW00053152,555164,nan,11.75
USW00053152,555289,nan,7.3
USW00053152,555517,nan,9.35
USW00053152,555741,nan,7.6
USW00053152,555921,nan,11.2
USW00053152,556063,nan,9.5
USW00053152,556244,nan,7.199999999999999
USW00053152,556418,nan,8.55
USW00053152,556627,nan,6.6
USW00053152,556819,nan,5.95
USW00053152,557021,nan,7.25
USW00053152,557229,nan,6.35
USW00053152,557421,nan,5.55
USW00053152,557632,nan,6.4
USW00053152,557849,nan,6.45
USW00053152,558061,nan,8.0
USW00053152,558287,nan,9.8
USW00053152,558485,nan,12.399999999999999
USW00053152,558674,nan,11.149999999999999
USW00053152,558868,nan,10.4
USW00053152,558988,nan,9.45
USW00053152,559135,nan,10.2
USW00053152,559282,nan,8.45
USW00053152,559452,nan,10.45
USW00053152,559626,nan,8.8
USW00053152,559831,nan,9.05
USW00053152,560022,nan,9.7
USW00053152,560201,nan,10.4
USW00053152,560378,nan,10.2
USW00053152,560513,nan,10.9
USW00053152,560636,nan,11.3
USW00053152,560773,nan,9.399999999999999
USW00053152,560945,nan,9.35
USW00053152,561102,nan,12.05
USW00053152,561262,nan,13.35
USW00053152,561470,nan,15.600000000000001
USW00053152,561683,nan,17.1
USW00053152,561905,nan,14.1
USW00053152,562112,nan,9.5
USW00053152,562294,nan,10.75
USW00053152,562475,nan,9.05
USW00053152,562659,nan,9.7
USW00053152,562818,nan,12.149999999999999
USW00053152,562959,nan,11.9
USW00053152,563092,nan,12.149999999999999
USW00053152,563227,nan,14.0
USW00053152,563370,nan,11.75
USW00053152,563536,nan,11.75
USW00053152,563743,nan,10.350000000000001
USW00053152,563896,nan,12.0
USW00053152,564040,nan,13.3
USW00053152,564252,nan,13.149999999999999
USW00053152,564482,nan,18.15
USW00053152,564706,nan,14.899999999999999
USW00053152,564890,nan,12.05
USW00053152,565094,nan,14.75
USW00053152,565329,nan,11.9
USW00053152,565539,nan,10.75
USW00053152,565724,nan,11.7
USW00053152,565817,nan,12.0
USW00053152,565968,nan,7.95
USW00053152,566175,nan,8.65
USW00053152,566383,nan,8.45
USW00053152,566597,nan,13.55
USW00053152,566811,nan,9.5
USW00053152,567033,nan,12.45
USW00053152,567263,nan,12.5
USW00053152,567438,nan,12.45
USW00053152,567573,nan,11.55
USW00053152,567719,nan,12.8
USW00053152,567832,nan,11.95
USW00053152,568036,nan,11.4
USW00053152,568210,nan,12.149999999999999
USW00053152,568399,nan,12.0
USW00053152,568544,nan,12.7
USW00053152,568684,nan,12.8
USW00053152,568795,nan,13.9
USW00053152,568973,nan,12.75
USW00053152,569167,nan,11.7
USW00053152,569389,nan,14.25
USW00053152,569555,nan,13.55
USW00053152,569682,nan,15.0
USW00053152,569804,nan,15.75
USW00053152,569971,nan,14.55
USW00053152,570174,nan,13.75
USW00053152,570381,nan,13.3
USW00053152,570561,nan,15.25
USW00053152,570702,nan,15.5
USW00053152,570883,nan,18.8
USW00053152,571091,nan,12.25
USW00053152,571296,nan,13.3
USW00053152,571485,nan,11.35
USW00053152,571652,nan,14.1
USW00053152,571855,nan,14.95
USW00053152,572076,nan,15.45
USW00053152,572292,nan,14.6
USW00053152,572471,nan,13.75
USW00053152,572649,nan,12.9
USW00053152,572866,nan,12.25
USW00053152,573089,nan,9.9
USW00053152,573280,nan,12.2
USW00053152,573475,nan,13.55
USW00053152,573669,nan,15.2
USW00053152,573871,nan,16.299999999999997
USW00053152,574068,nan,16.4
USW00053152,574274,nan,22.299999999999997
USW00053152,574478,nan,13.55
USW00053152,574662,nan,13.600000000000001
USW00053152,574827,nan,16.15
USW00053152,574933,nan,14.7
USW00053152,575066,nan,14.6
USW00053152,575202,nan,11.6
USW00053152,575377,nan,14.149999999999999
USW00053152,575556,nan,14.25
USW00053152,575676,nan,14.1
USW00053152,575784,nan,15.649999999999999
USW00053152,575885,nan,16.2
USW00053152,576050,nan,14.05
USW00053152,576211,nan,14.75
USW00053152,576337,nan,15.2
USW00053152,576496,nan,13.2
USW00053152,576664,nan,14.45
USW00053152,576814,nan,12.0
USW00053152,576982,nan,12.2
USW00053152,577171,nan,15.25
USW00053152,577391,nan,14.600000000000001
USW00053152,577602,nan,19.25
USW00053152,577809,nan,14.5
USW00053152,578000,nan,13.6
USW00053152,578171,nan,13.8
USW00053152,578347,nan,16.15
USW00053152,578534,nan,14.7
USW00053152,578573,nan,17.15
USW00053152,578676,nan,15.55
USW00053152,578858,nan,18.05
USW00053152,579022,nan,16.6
USW00053152,579185,nan,15.75
USW00053152,579369,nan,18.55
USW00053152,579572,nan,19.6
USW00053152,579737,nan,16.8
USW00053152,579889,nan,16.8
USW00053152,579935,nan,17.1
USW00053152,580032,nan,15.5
USW00053152,580153,nan,16.3
USW00053152,580311,nan,17.25
USW00053152,580446,nan,15.8
USW00053152,580618,nan,16.200000000000003
USW00053152,580789,nan,14.65
USW00053152,580979,nan,16.45
USW00053152,581129,nan,17.4
USW00053152,581295,nan,15.55
USW00053152,581464,nan,16.25
USW00053152,581612,nan,16.75
USW00053152,581821,nan,18.0
USW00053152,582007,nan,15.7
USW00053152,582206,nan,13.95
USW00053152,582393,nan,16.1
USW00053152,582583,nan,15.7
USW00053152,582758,nan,14.75
USW00053152,582909,nan,14.8
USW00053152,583068,nan,17.1
USW00053152,583205,nan,15.75
USW00053152,583330,nan,14.9
USW00053152,583471,nan,15.7
USW00053152,583617,nan,15.7
USW00053152,583804,nan,14.7
USW00053152,583961,nan,14.95
USW00053152,584080,nan,15.25
USW00053152,584226,nan,12.1
USW00053152,584401,nan,11.899999999999999
USW00053152,584570,nan,13.649999999999999
USW00053152,584740,nan,12.850000000000001
USW00053152,584915,nan,15.0
USW00053152,585084,nan,13.05
USW00053152,585240,nan,13.149999999999999
USW00053152,585392,nan,15.3
USW00053152,585534,nan,12.5
USW00053152,585718,nan,13.149999999999999
USW00053152,585906,nan,15.8
USW00053152,586095,nan,14.8
USW00053152,586248,nan,13.7
USW00053152,586393,nan,15.45
USW00053152,586541,nan,14.5
USW00053152,586702,nan,14.1
USW00053152,586834,nan,15.9
USW00053152,586958,nan,14.350000000000001
USW00053152,587073,nan,16.05
USW00053152,587236,nan,16.8
USW00053152,587386,nan,14.5
USW00053152,587527,nan,15.4
USW00053152,587684,nan,12.7
USW00053152,587873,nan,14.899999999999999
USW00053152,588071,nan,14.149999999999999
USW00053152,588261,nan,16.15
USW00053152,588452,nan,16.950000000000003
USW00053152,588629,nan,14.95
USW00053152,588831,nan,15.45
USW00053152,589017,nan,17.1
USW00053152,589192,nan,16.25
USW00053152,589386,nan,17.25
USW00053152,589578,nan,18.0
USW00053152,589760,nan,18.1
USW00053152,589917,nan,17.1
USW00053152,590092,nan,19.75
USW00053152,590285,nan,19.9
USW00053152,590490,nan,17.65
USW00053152,590682,nan,17.4
USW00053152,590878,nan,16.65
USW00053152,591054,nan,16.35
USW00053152,591213,nan,16.15
USW00053152,591360,nan,15.5
USW00053152,591517,nan,16.1
USW00053152,591675,nan,14.85
USW00053152,591861,nan,15.8
USW00053152,592044,nan,16.6
USW00053152,592235,nan,16.65
USW00053152,592434,nan,16.200000000000003
USW00053152,592635,nan,14.15
USW00053152,592839,nan,14.149999999999999
USW00053152,593037,nan,13.149999999999999
USW00053152,593200,nan,14.95
USW00053152,593332,nan,12.05
USW00053152,593393,nan,15.55
USW00053152,593530,nan,16.950000000000003
USW00053152,593751,nan,16.200000000000003
USW00053152,593918,nan,15.1
USW00053152,594131,nan,12.95
USW00053152,594357,nan,14.3
USW00053152,594586,nan,17.2
USW00053152,594812,nan,11.25
USW00053152,595033,nan,11.55
USW00053152,595240,nan,12.850000000000001
USW00053152,595456,nan,14.25
USW00053152,595644,nan,13.8
USW00053152,595835,nan,11.05
USW00053152,596018,nan,12.0
USW00053152,596217,nan,12.100000000000001
USW00053152,596455,nan,11.6
USW00053152,596687,nan,12.55
USW00053152,596883,nan,12.3
USW00053152,597062,nan,14.8
USW00053152,597269,nan,8.4
USW00053152,597475,nan,8.75
USW00053152,597674,nan,10.75
USW00053152,597854,nan,11.45
USW00053152,598042,nan,11.5
USW00053152,598258,nan,11.9
USW00053152,598483,nan,12.399999999999999
USW00053152,598710,nan,10.8
USW00053152,598924,nan,10.6
USW00053152,599119,nan,11.3
USW00053152,599330,nan,13.5
USW00053152,599488,nan,14.5
USW00053152,599642,nan,12.8
USW00053152,599813,nan,15.45
USW00053152,599923,nan,15.2
USW00053152,600069,nan,10.2
USW00053152,600243,nan,9.85
USW00053152,600327,nan,15.45
USW00053152,600434,nan,9.7
USW00053152,600511,nan,15.600000000000001
USW00053152,600515,nan,17.15
USW00053152,600629,nan,12.55
USW00053152,600814,nan,11.0
USW00053152,601005,nan,9.35
USW00053152,601212,nan,10.0
USW00053152,601405,nan,10.15
USW00053152,601617,nan,10.85
USW00053152,601833,nan,10.0
USW00053152,602040,nan,9.85
USW00053152,602255,nan,10.899999999999999
USW00053152,602478,nan,9.1
USW00053152,602708,nan,7.75
USW00053152,602944,nan,9.4
USW00053152,603146,nan,11.05
USW00053152,603342,nan,10.95
USW00053152,603545,nan,7.9
USW00053152,603749,nan,9.05
USW00053152,603975,nan,11.6
USW00053152,604207,nan,16.799999999999997
USW00053152,604444,nan,13.6
USW00053152,604649,nan,9.3
USW00053152,604840,nan,8.4
USW00053152,605033,nan,7.800000000000001
USW00053152,605243,nan,10.0
USW00053152,605449,nan,12.95
USW00053152,605598,nan,14.7
USW00053152,605753,nan,13.25
USW00053152,605944,nan,10.65
USW00053152,606127,nan,9.4
USW00053152,606324,nan,8.15
USW00053152,606522,nan,10.3
USW00053152,606738,nan,11.399999999999999
USW00053152,606956,nan,12.15
USW00053152,607113,nan,14.0
USW00053152,607308,nan,10.2
USW00053152,607517,nan,9.6
USW00053152,607747,nan,6.85
USW00053152,607960,nan,9.25
USW00053152,608161,nan,10.0
USW00053152,608387,nan,2.9000000000000004
USW00053152,608608,nan,-1.05
USW00053152,608825,nan,5.6
USW00053152,609009,nan,7.65
USW00053152,609211,nan,2.7
USW00053152,609416,nan,1.65
USW00053152,609643,nan,1.65
USW00053152,609854,nan,4.15
USW00053152,610077,nan,4.85
USW00053152,610284,nan,2.9000000000000004
USW00053152,610532,nan,5.75
USW00053152,610765,nan,8.0
USW00053152,611008,nan,9.2
USW00053152,611236,nan,15.1
USW00053152,611415,nan,10.3
USW00053152,611592,nan,11.100000000000001
USW00053152,611816,nan,5.85
USW00053152,612027,nan,7.3
USW00053152,612228,nan,6.35
USW00053152,612443,nan,6.25
USW00053152,612672,nan,7.550000000000001
USW00053152,612911,nan,6.95
USW00053152,613143,nan,5.0
USW00053152,613380,nan,11.45
USW00053152,613591,nan,6.199999999999999
USW00053152,613821,nan,7.45
USW00053152,614056,nan,6.1
USW00093104,628571,nan,13.3
USW00093104,631899,nan,26.950000000000003
USW00093104,633149,nan,35.3
USW00093104,633517,nan,32.25
USW00093104,634025,nan,29.75
USW00093104,634027,nan,32.5
USW00093110,650140,nan,11.65
USW00093111,660898,nan,11.15
USW00093111,660969,nan,21.0
USW00093111,661092,nan,13.15
USW00093111,661142,nan,15.85
USW00093111,661165,nan,13.7
USW00093111,661169,nan,14.850000000000001
USW00093111,661349,nan,14.1
USW00093111,661448,nan,13.2
USW00093111,661701,nan,14.2
USW00093111,661704,nan,14.55
USW00093111,661707,nan,14.2
USW00093111,661915,nan,14.45
USW00093111,662072,nan,15.05
USW00093111,662169,nan,16.5
USW00093111,662175,nan,16.95
USW00093111,662211,nan,16.2
USW00093111,662231,nan,14.85
USW00093111,662242,nan,16.65
USW00093111,662458,nan,14.3
USW00093111,662472,nan,16.05
USW00093111,662509,nan,14.75
USW00093111,662797,nan,14.45
USW00093111,663081,nan,18.35
USW00093111,663284,nan,16.1
USW00093111,663612,nan,18.450000000000003
USW00093111,663845,nan,16.75
USW00093111,663874,nan,19.85
USW00093111,663900,nan,19.4
USW00093111,664012,nan,17.9
USW00093111,664164,nan,19.35
USW00093111,665519,nan,19.65
USW00093111,665604,nan,17.05
USW00093111,667511,nan,22.8
USW00093115,685586,nan,18.95
USW00093116,699929,nan,17.75
USW00093116,700146,nan,17.15
USW00093116,700311,nan,21.4
USW00093116,700496,nan,15.55
USW00093116,700501,nan,16.549999999999997
USW00093116,700547,nan,15.6
USW00093116,700602,nan,14.4
USW00093116,700683,nan,20.450000000000003
USW00093116,700828,nan,18.95
USW00093116,700833,nan,18.1
USW00093116,700929,nan,18.1
USW00093116,701008,nan,15.850000000000001
USW00093116,701012,nan,15.850000000000001
USW00093116,701035,nan,15.3
USW00093116,701060,nan,15.0
USW00093116,701112,nan,15.6
USW00093116,701133,nan,15.6
USW00093116,701163,nan,15.3
USW00093116,701750,nan,20.25
USW00093116,701923,nan,15.850000000000001
USW00093116,702116,nan,20.55
USW00093117,705934,nan,17.65
USW00093117,705943,nan,16.7
USW00093121,711085,nan,30.3
USW00093121,712182,nan,29.7
USW00093134,723779,nan,17.0
USW00093138,745946,nan,18.35
USW00093138,746017,nan,20.6
USW00093144,747255,nan,6.0
USW00093144,754323,nan,35.0
USW00093144,754326,nan,31.0
USW00093144,754330,nan,26.5
USW00093144,754343,nan,24.5
USW00093144,754382,nan,24.5
USW00093144,754417,nan,17.0
USW00093144,754420,nan,19.5
USW00093144,754432,nan,27.5
USW00093144,754486,nan,31.5
USW00093144,760366,nan,13.0
USW00093201,785903,nan,-24.5
USW00093201,790432,nan,15.5
USW00093201,797127,nan,19.0
USW00093201,798667,nan,-24.5
USW00093203,799938,nan,3.0
USW00093203,802552,nan,12.0
USW00093203,802554,nan,12.0
USW00093203,811473,nan,0.5
USW00093203,811757,nan,10.5
USW00093205,813024,nan,14.15
USW00093205,815132,nan,27.75
USW00093205,819545,nan,23.9
USW00093206,826299,nan,14.45
USW00093206,828747,nan,15.0
USW00093210,844402,nan,11.7
USW00093210,848824,nan,25.799999999999997
USW00093210,848851,nan,31.099999999999998
USW00093210,849690,nan,29.450000000000003
USW00093210,851986,nan,15.25
USW00093214,854496,nan,13.05
USW00093214,858647,nan,11.5
USW00093214,861560,nan,12.1
USW00093214,861675,nan,12.0
USW00093214,861734,nan,12.9
USW00093214,861813,nan,12.8
USW00093214,862231,nan,13.1
USW00093214,862258,nan,13.600000000000001
USW00093214,862779,nan,12.9
USW00093216,870063,nan,15.0
USW00093216,870089,nan,10.0
USW00093216,870091,nan,12.5
USW00093216,870093,nan,15.5
USW00093216,870095,nan,18.0
USW00093216,870824,nan,15.0
USW00093216,870828,nan,12.0
USW00093216,870830,nan,11.5
USW00093216,870834,nan,10.0
USW00093216,870849,nan,15.5
USW00093227,881139,nan,18.299999999999997
USW00093227,886844,nan,21.15
USW00093228,895902,nan,25.0
USW00093228,896054,nan,14.45
USW00093228,896071,nan,12.8
USW00093228,896123,nan,15.850000000000001
USW00093228,896131,nan,16.1
USW00093228,896203,nan,24.7
USW00093231,912184,nan,19.5
USW00093241,922348,nan,24.200000000000003
USW00093242,928412,nan,12.5
USW00093242,930537,nan,17.85
USW00093242,932705,nan,23.1
USW00093242,935264,nan,15.25
USW00093243,936498,nan,1.8
USW00093243,936720,nan,-0.1
USW00093243,936953,nan,-0.65
USW00093243,937165,nan,1.75
USW00093243,937366,nan,1.45
USW00093243,937535,nan,7.85
USW00093243,937683,nan,3.1500000000000004
USW00093243,937897,nan,3.4
USW00093243,938110,nan,1.7000000000000002
USW00093243,938284,nan,5.9
USW00093243,938509,nan,-0.44999999999999996
USW00093243,938732,nan,-1.4
USW00093243,938940,nan,-2.35
USW00093243,939161,nan,-1.05
USW00093243,939375,nan,-2.8499999999999996
USW00093243,939580,nan,-1.05
USW00093243,939661,nan,3.0
USW00093243,939791,nan,0.15
USW00093243,939879,nan,5.699999999999999
USW00093243,940008,nan,0.04999999999999999
USW00093243,940214,nan,-0.1
USW00093243,940282,nan,0.6
USW00093243,940295,nan,7.55
USW00093243,940412,nan,1.7
USW00093243,940428,nan,-0.85
USW00093243,940475,nan,-2.2
USW00093243,940497,nan,5.9
USW00093243,940625,nan,1.5499999999999998
USW00093243,940822,nan,3.05
USW00093243,940837,nan,-1.25
USW00093243,941056,nan,6.65
USW00093243,941213,nan,8.649999999999999
USW00093243,941339,nan,8.649999999999999
USW00093243,941452,nan,13.0
USW00093243,941621,nan,5.15
USW00093243,941631,nan,5.0
USW00093243,941850,nan,3.8
USW00093243,941936,nan,6.9
USW00093243,942064,nan,3.5
USW00093243,942281,nan,3.75
USW00093243,942497,nan,2.9
USW00093243,942711,nan,4.1
USW00093243,942925,nan,5.4
USW00093243,943122,nan,6.7
USW00093243,943321,nan,3.6500000000000004
USW00093243,943530,nan,6.6
USW00093243,943726,nan,2.55
USW00093243,943951,nan,1.9
USW00093243,944019,nan,8.65
USW00093243,944147,nan,2.75
USW00093243,944337,nan,2.25
USW00093243,944557,nan,0.65
USW00093243,944771,nan,1.2999999999999998
USW00093243,944980,nan,2.25
USW00093243,945197,nan,4.55
USW00093243,945415,nan,5.15
USW00093243,945504,nan,7.95
USW00093243,945635,nan,4.35
USW00093243,945716,nan,9.45
USW00093243,945852,nan,5.25
USW00093243,946077,nan,6.0
USW00093243,946164,nan,9.9
USW00093243,946295,nan,4.85
USW00093243,946387,nan,9.899999999999999
USW00093243,946497,nan,8.2
USW00093243,946703,nan,3.05
USW00093243,946908,nan,2.05
USW00093243,947110,nan,3.0
USW00093243,947318,nan,6.45
USW00093243,947508,nan,7.7
USW00093243,947696,nan,2.0
USW00093243,947919,nan,3.6999999999999997
USW00093243,948147,nan,3.2
USW00093243,948365,nan,7.35
USW00093243,948595,nan,8.9
USW00093243,948682,nan,10.45
USW00093243,948825,nan,7.95
USW00093243,949023,nan,14.1
USW00093243,949227,nan,7.35
USW00093243,949443,nan,8.149999999999999
USW00093243,949663,nan,11.850000000000001
USW00093243,949853,nan,7.5
USW00093243,950044,nan,6.9
USW00093243,950248,nan,6.9
USW00093243,950453,nan,6.0
USW00093243,950677,nan,3.9499999999999997
USW00093243,950758,nan,8.45
USW00093243,950907,nan,8.95
USW00093243,951121,nan,10.1
USW00093243,951343,nan,12.55
USW00093243,951565,nan,11.6
USW00093243,951774,nan,10.15
USW00093243,952010,nan,10.8
USW00093243,952230,nan,8.2
USW00093243,952446,nan,12.4
USW00093243,952674,nan,12.25
USW00093243,952860,nan,10.6
USW00093243,952931,nan,8.8
USW00093243,953075,nan,6.25
USW00093243,953268,nan,5.35
USW00093243,953484,nan,6.2
USW00093243,953513,nan,3.75
USW00093243,953713,nan,8.0
USW00093243,953939,nan,5.85
USW00093243,954147,nan,8.75
USW00093243,954362,nan,10.4
USW00093243,954564,nan,9.5
USW00093243,954782,nan,13.7
USW00093243,954999,nan,14.399999999999999
USW00093243,955190,nan,12.2
USW00093243,955400,nan,9.5
USW00093243,955613,nan,12.15
USW00093243,955826,nan,15.05
USW00093243,956036,nan,12.1
USW00093243,956219,nan,9.75
USW00093243,956440,nan,9.55
USW00093243,956660,nan,11.25
USW00093243,956843,nan,10.149999999999999
USW00093243,957040,nan,14.95
USW00093243,957259,nan,11.1
USW00093243,957473,nan,10.65
USW00093243,957703,nan,10.8
USW00093243,957927,nan,10.25
USW00093243,958144,nan,10.9
USW00093243,958368,nan,5.55
USW00093243,958566,nan,11.05
USW00093243,958775,nan,7.35
USW00093243,959009,nan,7.75
USW00093243,959231,nan,10.75
USW00093243,959447,nan,11.75
USW00093243,959675,nan,11.6
USW00093243,959898,nan,19.700000000000003
USW00093243,960111,nan,11.100000000000001
USW00093243,960347,nan,11.100000000000001
USW00093243,960579,nan,8.8
USW00093243,960797,nan,13.100000000000001
USW00093243,961021,nan,14.9
USW00093243,961251,nan,14.2
USW00093243,961474,nan,17.5
USW00093243,961674,nan,20.549999999999997
USW00093243,961883,nan,12.3
USW00093243,962105,nan,14.5
USW00093243,962337,nan,14.85
USW00093243,962554,nan,11.7
USW00093243,962771,nan,16.7
USW00093243,962979,nan,15.95
USW00093243,963171,nan,12.649999999999999
USW00093243,963389,nan,10.100000000000001
USW00093243,963600,nan,14.6
USW00093243,963827,nan,16.450000000000003
USW00093243,964055,nan,19.35
USW00093243,964279,nan,15.399999999999999
USW00093243,964518,nan,15.149999999999999
USW00093243,964751,nan,15.15
USW00093243,964971,nan,13.600000000000001
USW00093243,965199,nan,11.05
USW00093243,965433,nan,7.6
USW00093243,965666,nan,14.85
USW00093243,965901,nan,13.75
USW00093243,966135,nan,14.75
USW00093243,966356,nan,9.0
USW00093243,966561,nan,8.75
USW00093243,966780,nan,8.65
USW00093243,967021,nan,9.95
USW00093243,967246,nan,9.3
USW00093243,967478,nan,12.05
USW00093243,967716,nan,15.0
USW00093243,967919,nan,13.4
USW00093243,968134,nan,11.5
USW00093243,968366,nan,14.5
USW00093243,968592,nan,15.2
USW00093243,968809,nan,18.3
USW00093243,969048,nan,14.95
USW00093243,969290,nan,13.1
USW00093243,969521,nan,14.1
USW00093243,969748,nan,15.05
USW00093243,969964,nan,17.700000000000003
USW00093243,970189,nan,20.9
USW00093243,970406,nan,21.85
USW00093243,970640,nan,13.85
USW00093243,970852,nan,12.4
USW00093243,971075,nan,16.05
USW00093243,971294,nan,11.149999999999999
USW00093243,971529,nan,12.6
USW00093243,971574,nan,12.6
USW00093243,971756,nan,14.0
USW00093243,971985,nan,12.25
USW00093243,972228,nan,14.0
USW00093243,972462,nan,12.8
USW00093243,972694,nan,11.05
USW00093243,972924,nan,10.8
USW00093243,973156,nan,15.25
USW00093243,973387,nan,13.0
USW00093243,973610,nan,15.0
USW00093243,973813,nan,18.299999999999997
USW00093243,973984,nan,18.35
USW00093243,974200,nan,19.35
USW00093243,974426,nan,19.65
USW00093243,974652,nan,19.15
USW00093243,974881,nan,21.35
USW00093243,975097,nan,21.85
USW00093243,975327,nan,22.7
USW00093243,975545,nan,22.0
USW00093243,975760,nan,24.9
USW00093243,975983,nan,24.4
USW00093243,976211,nan,24.15
USW00093243,976433,nan,15.75
USW00093243,976659,nan,15.85
USW00093243,976874,nan,16.9
USW00093243,977110,nan,17.5
USW00093243,977336,nan,20.2
USW00093243,977560,nan,16.75
USW00093243,977772,nan,15.35
USW00093243,978006,nan,16.75
USW00093243,978247,nan,15.75
USW00093243,978478,nan,16.85
USW00093243,978704,nan,12.7
USW00093243,978931,nan,11.9
USW00093243,979155,nan,16.85
USW00093243,979389,nan,17.85
USW00093243,979613,nan,18.15
USW00093243,979823,nan,19.1
USW00093243,980045,nan,20.75
USW00093243,980265,nan,23.0
USW00093243,980464,nan,18.65
USW00093243,980691,nan,20.2
USW00093243,980909,nan,19.05
USW00093243,981137,nan,17.450000000000003
USW00093243,981357,nan,18.85
USW00093243,981585,nan,16.0
USW00093243,981814,nan,14.55
USW00093243,982042,nan,16.2
USW00093243,982267,nan,13.75
USW00093243,982496,nan,12.55
USW00093243,982728,nan,16.450000000000003
USW00093243,982964,nan,14.85
USW00093243,983201,nan,12.55
USW00093243,983431,nan,14.25
USW00093243,983651,nan,14.75
USW00093243,983875,nan,12.05
USW00093243,984090,nan,13.05
USW00093243,984310,nan,14.45
USW00093243,984516,nan,15.15
USW00093243,984731,nan,15.55
USW00093243,984953,nan,16.1
USW00093243,985177,nan,17.55
USW00093243,985414,nan,15.100000000000001
USW00093243,985649,nan,16.5
USW00093243,985866,nan,16.85
USW00093243,986091,nan,18.75
USW00093243,986297,nan,17.6
USW00093243,986524,nan,21.3
USW00093243,986763,nan,16.8
USW00093243,986986,nan,15.5
USW00093243,987218,nan,13.9
USW00093243,987438,nan,16.85
USW00093243,987679,nan,17.3
USW00093243,987901,nan,16.75
USW00093243,988123,nan,15.8
USW00093243,988345,nan,15.65
USW00093243,988572,nan,18.65
USW00093243,988791,nan,15.75
USW00093243,989005,nan,20.45
USW00093243,989231,nan,18.8
USW00093243,989443,nan,21.3
USW00093243,989657,nan,17.95
USW00093243,989873,nan,14.6
USW00093243,990088,nan,17.0
USW00093243,990319,nan,12.5
USW00093243,990545,nan,16.95
USW00093243,990768,nan,18.950000000000003
USW00093243,990988,nan,17.5
USW00093243,991211,nan,17.4
USW00093243,991449,nan,14.3
USW00093243,991660,nan,14.149999999999999
USW00093243,991887,nan,18.05
USW00093243,992105,nan,17.25
USW00093243,992336,nan,13.2
USW00093243,992557,nan,13.55
USW00093243,992790,nan,16.65
USW00093243,993015,nan,12.399999999999999
USW00093243,993244,nan,11.75
USW00093243,993472,nan,13.6
USW00093243,993692,nan,15.25
USW00093243,993886,nan,8.7
USW00093243,994114,nan,11.2
USW00093243,994338,nan,14.4
USW00093243,994574,nan,13.15
USW00093243,994806,nan,12.6
USW00093243,995010,nan,15.2
USW00093243,995218,nan,10.8
USW00093243,995451,nan,11.850000000000001
USW00093243,995667,nan,13.55
USW00093243,995877,nan,14.899999999999999
USW00093243,996098,nan,11.05
USW00093243,996319,nan,12.55
USW00093243,996507,nan,15.65
USW00093243,996722,nan,9.4
USW00093243,996956,nan,8.850000000000001
USW00093243,997187,nan,12.95
USW00093243,997413,nan,12.15
USW00093243,997627,nan,13.0
USW00093243,997826,nan,8.7
USW00093243,998048,nan,9.399999999999999
USW00093243,998280,nan,9.85
USW00093243,998496,nan,10.15
USW00093243,998710,nan,11.0
USW00093243,998943,nan,10.05
USW00093243,999175,nan,11.3
USW00093243,999397,nan,10.55
USW00093243,999627,nan,8.7
USW00093243,999862,nan,10.0
USW00093243,1000104,nan,10.2
USW00093243,1000338,nan,10.8
USW00093243,1000552,nan,11.2
USW00093243,1000777,nan,10.7
USW00093243,1000795,nan,8.5
USW00093243,1001012,nan,10.5
USW00093243,1001245,nan,7.35
USW00093243,1001479,nan,8.649999999999999
USW00093243,1001701,nan,9.9
USW00093243,1001917,nan,12.9
USW00093243,1002123,nan,9.65
USW00093243,1002320,nan,6.0
USW00093243,1002544,nan,5.5
USW00093243,1002775,nan,6.9
USW00093243,1002996,nan,8.25
USW00093243,1003225,nan,9.0
USW00093243,1003414,nan,12.9
USW00093243,1003616,nan,10.7
USW00093243,1003850,nan,5.4
USW00093243,1004075,nan,8.05
USW00093243,1004295,nan,8.05
USW00093243,1004520,nan,8.5
USW00093243,1004743,nan,6.85
USW00093243,1004970,nan,9.4
USW00093243,1005195,nan,10.3
USW00093243,1005404,nan,8.399999999999999
USW00093243,1005622,nan,8.55
USW00093243,1005851,nan,10.35
USW00093243,1005932,nan,8.5
USW00093243,1005936,nan,10.649999999999999
USW00093243,1006073,nan,5.050000000000001
USW00093243,1006278,nan,7.050000000000001
USW00093243,1006505,nan,7.1
USW00093243,1006712,nan,7.85
USW00093243,1006899,nan,12.4
USW00093243,1007027,nan,9.1
USW00093243,1007207,nan,4.949999999999999
USW00093243,1007428,nan,4.800000000000001
USW00093243,1007528,nan,8.7
USW00093243,1007631,nan,5.35
USW00093243,1007858,nan,4.0
USW00093243,1008078,nan,4.65
USW00093243,1008291,nan,6.15
USW00093243,1008383,nan,10.25
USW00093243,1008526,nan,7.35
USW00093243,1008753,nan,5.9
USW00093243,1008963,nan,5.55
USW00093243,1009054,nan,9.8
USW00093243,1009187,nan,5.0
USW00093243,1009417,nan,4.449999999999999
USW00093243,1009628,nan,7.8500000000000005
USW00093243,1009844,nan,4.0
USW00093243,1010057,nan,-3.7
USW00093243,1010276,nan,-2.75
USW00093243,1010456,nan,7.25
USW00093243,1010662,nan,-2.7
USW00093243,1010867,nan,-1.7
USW00093243,1011083,nan,-4.05
USW00093243,1011304,nan,-1.2
USW00093243,1011513,nan,-2.1
USW00093243,1011536,nan,-2.6500000000000004
USW00093243,1011736,nan,-1.1
USW00093243,1011962,nan,-0.8
USW00093243,1012185,nan,-0.6
USW00093243,1012406,nan,2.5
USW00093243,1012618,nan,1.7
USW00093243,1012829,nan,6.65
USW00093243,1013034,nan,7.0
USW00093243,1013221,nan,6.800000000000001
USW00093243,1013418,nan,0.65
USW00093243,1013632,nan,0.25
USW00093243,1013847,nan,1.7999999999999998
USW00093243,1014062,nan,3.15
USW00093243,1014283,nan,1.9000000000000001
USW00093243,1014508,nan,1.7000000000000002
USW00093243,1014605,nan,6.65
USW00093243,1014741,nan,3.1500000000000004
USW00093243,1014825,nan,6.699999999999999
USW00093243,1014958,nan,4.15
USW00093243,1015049,nan,5.6
USW00093243,1015194,nan,0.6000000000000001
USW00093243,1015412,nan,0.9
USW00093243,1015635,nan,2.3
USW00093245,1032713,nan,5.45
USW00093245,1032900,nan,5.9
USW00093245,1033088,nan,7.75
USW00093245,1033247,nan,5.45
USW00093245,1033436,nan,8.05
USW00093245,1033552,nan,8.0
USW00093245,1033670,nan,8.75
USW00093245,1033806,nan,10.7
USW00093245,1033968,nan,8.05
USW00093245,1034112,nan,7.15
USW00093245,1034233,nan,7.25
USW00093245,1034352,nan,6.3
USW00093245,1034546,nan,3.8
USW00093245,1034742,nan,4.1
USW00093245,1034936,nan,4.85
USW00093245,1035113,nan,4.6
USW00093245,1035304,nan,6.0
USW00093245,1035502,nan,8.05
USW00093245,1035693,nan,9.15
USW00093245,1035910,nan,11.4
USW00093245,1036098,nan,8.9
USW00093245,1036297,nan,10.65
USW00093245,1036463,nan,12.45
USW00093245,1036598,nan,10.3
USW00093245,1036726,nan,11.25
USW00093245,1036847,nan,10.55
USW00093245,1036955,nan,8.7
USW00093245,1037063,nan,8.0
USW00093245,1037167,nan,8.95
USW00093245,1037263,nan,7.45
USW00093245,1037458,nan,6.2
USW00093245,1037658,nan,7.65
USW00093245,1037856,nan,8.850000000000001
USW00093245,1037959,nan,8.9
USW00093245,1038092,nan,5.7
USW00093245,1038210,nan,8.8
USW00093245,1038335,nan,8.6
USW00093245,1038495,nan,7.7
USW00093245,1038647,nan,5.6
USW00093245,1038814,nan,8.2
USW00093245,1039002,nan,4.55
USW00093245,1039188,nan,5.35
USW00093245,1039378,nan,8.649999999999999
USW00093245,1039541,nan,7.0
USW00093245,1039701,nan,7.25
USW00093245,1039883,nan,6.7
USW00093245,1040071,nan,11.45
USW00093245,1040221,nan,9.149999999999999
USW00093245,1040351,nan,8.0
USW00093245,1040497,nan,8.25
USW00093245,1040638,nan,6.15
USW00093245,1040769,nan,7.95
USW00093245,1040886,nan,8.65
USW00093245,1041032,nan,9.0
USW00093245,1041144,nan,7.85
USW00093245,1041309,nan,8.3
USW00093245,1041439,nan,8.0
USW00093245,1041609,nan,7.65
USW00093245,1041769,nan,9.3
USW00093245,1041884,nan,7.45
USW00093245,1042041,nan,6.9
USW00093245,1042171,nan,8.9
USW00093245,1042292,nan,8.3
USW00093245,1042432,nan,5.9
USW00093245,1042576,nan,8.7
USW00093245,1042743,nan,5.75
USW00093245,1042876,nan,7.2
USW00093245,1043001,nan,8.25
USW00093245,1043140,nan,8.6
USW00093245,1043323,nan,6.8
USW00093245,1043463,nan,8.8
USW00093245,1043610,nan,7.9
USW00093245,1043753,nan,8.3
USW00093245,1043806,nan,10.55
USW00093245,1043873,nan,9.350000000000001
USW00093245,1044027,nan,9.0
USW00093245,1044149,nan,8.75
USW00093245,1044265,nan,7.9
USW00093245,1044347,nan,10.9
USW00093245,1044350,nan,10.9
USW00093245,1044422,nan,8.850000000000001
USW00093245,1044573,nan,8.350000000000001
USW00093245,1044710,nan,8.0
USW00093245,1044833,nan,8.05
USW00093245,1044983,nan,6.949999999999999
USW00093245,1045134,nan,8.05
USW00093245,1045311,nan,8.0
USW00093245,1045449,nan,7.7
USW00093245,1045615,nan,8.149999999999999
USW00093245,1045727,nan,9.75
USW00093245,1045864,nan,10.05
USW00093245,1045926,nan,10.7
USW00093245,1045932,nan,11.7
USW00093245,1045943,nan,12.75
USW00093245,1046003,nan,9.7
USW00093245,1046134,nan,12.0
USW00093245,1046269,nan,11.3
USW00093245,1046393,nan,10.05
USW00093245,1046525,nan,8.8
USW00093245,1046649,nan,10.05
USW00093245,1046734,nan,11.75
USW00093245,1046850,nan,11.3
USW00093245,1046963,nan,11.4
USW00093245,1047081,nan,9.05
USW00093245,1047196,nan,8.95
USW00093245,1047321,nan,8.85
USW00093245,1047477,nan,9.149999999999999
USW00093245,1047601,nan,8.25
USW00093245,1047735,nan,8.3
USW00093245,1047831,nan,7.8
USW00093245,1047942,nan,6.7
USW00093245,1048055,nan,6.65
USW00093245,1048214,nan,8.05
USW00093245,1048365,nan,6.6
USW00093245,1048552,nan,7.6
USW00093245,1048728,nan,8.3
USW00093245,1048857,nan,6.9
USW00093245,1049027,nan,8.1
USW00093245,1049234,nan,9.9
USW00093245,1049383,nan,8.1
USW00093245,1049482,nan,10.0
USW00093245,1049601,nan,10.2
USW00093245,1049715,nan,8.850000000000001
USW00093245,1049836,nan,7.1
USW00093245,1050007,nan,9.7
USW00093245,1050163,nan,8.9
USW00093245,1050301,nan,8.45
USW00093245,1050499,nan,8.65
USW00093245,1050710,nan,10.15
USW00093245,1050903,nan,8.3
USW00093245,1051061,nan,11.9
USW00093245,1051178,nan,12.850000000000001
USW00093245,1051358,nan,12.649999999999999
USW00093245,1051528,nan,10.25
USW00093245,1051637,nan,10.4
USW00093245,1051766,nan,10.3
USW00093245,1051876,nan,10.0
USW00093245,1052010,nan,9.0
USW00093245,1052163,nan,10.2
USW00093245,1052316,nan,10.25
USW00093245,1052441,nan,8.9
USW00093245,1052549,nan,10.5
USW00093245,1052687,nan,9.5
USW00093245,1052830,nan,9.5
USW00093245,1052968,nan,9.35
USW00093245,1053119,nan,7.65
USW00093245,1053293,nan,9.1
USW00093245,1053408,nan,8.45
USW00093245,1053520,nan,8.4
USW00093245,1053658,nan,8.25
USW00093245,1053786,nan,8.6
USW00093245,1053912,nan,9.95
USW00093245,1054063,nan,9.45
USW00093245,1054194,nan,10.850000000000001
USW00093245,1054330,nan,10.350000000000001
USW00093245,1054463,nan,9.3
USW00093245,1054593,nan,8.8
USW00093245,1054746,nan,9.149999999999999
USW00093245,1054897,nan,9.350000000000001
USW00093245,1055024,nan,10.0
USW00093245,1055162,nan,10.75
USW00093245,1055276,nan,10.6
USW00093245,1055398,nan,10.3
USW00093245,1055520,nan,9.8
USW00093245,1055660,nan,11.4
USW00093245,1055802,nan,12.1
USW00093245,1055928,nan,12.3
USW00093245,1056041,nan,13.1
USW00093245,1056178,nan,11.2
USW00093245,1056301,nan,9.850000000000001
USW00093245,1056432,nan,9.3
USW00093245,1056582,nan,9.149999999999999
USW00093245,1056640,nan,11.75
USW00093245,1056729,nan,9.6
USW00093245,1056772,nan,12.65
USW00093245,1056858,nan,10.25
USW00093245,1057005,nan,10.75
USW00093245,1057154,nan,10.55
USW00093245,1057303,nan,10.5
USW00093245,1057456,nan,9.5
USW00093245,1057596,nan,9.649999999999999
USW00093245,1057741,nan,10.55
USW00093245,1057898,nan,11.350000000000001
USW00093245,1058032,nan,12.7
USW00093245,1058149,nan,13.6
USW00093245,1058301,nan,12.55
USW00093245,1058442,nan,11.55
USW00093245,1058625,nan,11.649999999999999
USW00093245,1058822,nan,11.7
USW00093245,1058976,nan,10.95
USW00093245,1059149,nan,11.45
USW00093245,1059250,nan,17.95
USW00093245,1059297,nan,13.149999999999999
USW00093245,1059469,nan,16.3
USW00093245,1059549,nan,17.2
USW00093245,1059645,nan,11.6
USW00093245,1059787,nan,9.850000000000001
USW00093245,1059928,nan,10.850000000000001
USW00093245,1060048,nan,10.649999999999999
USW00093245,1060182,nan,10.3
USW00093245,1060225,nan,11.15
USW00093245,1060328,nan,10.4
USW00093245,1060463,nan,10.25
USW00093245,1060587,nan,11.45
USW00093245,1060725,nan,10.5
USW00093245,1060876,nan,11.6
USW00093245,1061007,nan,9.8
USW00093245,1061127,nan,12.1
USW00093245,1061254,nan,12.850000000000001
USW00093245,1061381,nan,12.1
USW00093245,1061493,nan,11.850000000000001
USW00093245,1061625,nan,11.3
USW00093245,1061757,nan,11.149999999999999
USW00093245,1061884,nan,11.45
USW00093245,1062011,nan,13.2
USW00093245,1062142,nan,12.0
USW00093245,1062277,nan,11.4
USW00093245,1062409,nan,11.05
USW00093245,1062533,nan,11.3
USW00093245,1062651,nan,11.05
USW00093245,1062774,nan,11.45
USW00093245,1062894,nan,11.25
USW00093245,1063010,nan,11.5
USW00093245,1063138,nan,12.95
USW00093245,1063281,nan,10.850000000000001
USW00093245,1063427,nan,10.4
USW00093245,1063554,nan,10.1
USW00093245,1063673,nan,10.95
USW00093245,1063779,nan,11.3
USW00093245,1063909,nan,13.3
USW00093245,1064051,nan,13.5
USW00093245,1064193,nan,12.149999999999999
USW00093245,1064319,nan,13.350000000000001
USW00093245,1064454,nan,12.9
USW00093245,1064570,nan,11.45
USW00093245,1064716,nan,11.6
USW00093245,1064855,nan,12.8
USW00093245,1065003,nan,12.45
USW00093245,1065174,nan,13.05
USW00093245,1065228,nan,14.55
USW00093245,1065332,nan,11.5
USW00093245,1065507,nan,11.350000000000001
USW00093245,1065667,nan,12.95
USW00093245,1065809,nan,13.350000000000001
USW00093245,1065927,nan,14.3
USW00093245,1066048,nan,13.5
USW00093245,1066172,nan,13.75
USW00093245,1066288,nan,13.1
USW00093245,1066429,nan,13.1
USW00093245,1066588,nan,13.149999999999999
USW00093245,1066718,nan,12.350000000000001
USW00093245,1066774,nan,13.7
USW00093245,1066866,nan,12.9
USW00093245,1067021,nan,14.2
USW00093245,1067183,nan,13.3
USW00093245,1067336,nan,12.0
USW00093245,1067378,nan,14.399999999999999
USW00093245,1067480,nan,10.850000000000001
USW00093245,1067650,nan,13.600000000000001
USW00093245,1067825,nan,12.8
USW00093245,1068000,nan,12.4
USW00093245,1068161,nan,12.45
USW00093245,1068338,nan,12.45
USW00093245,1068538,nan,11.399999999999999
USW00093245,1068724,nan,13.4
USW00093245,1068787,nan,14.649999999999999
USW00093245,1068789,nan,14.75
USW00093245,1068878,nan,10.850000000000001
USW00093245,1069009,nan,13.3
USW00093245,1069117,nan,15.05
USW00093245,1069236,nan,14.95
USW00093245,1069374,nan,13.05
USW00093245,1069483,nan,12.8
USW00093245,1069616,nan,11.9
USW00093245,1069794,nan,12.6
USW00093245,1069954,nan,12.4
USW00093245,1070074,nan,11.3
USW00093245,1070248,nan,9.850000000000001
USW00093245,1070438,nan,9.7
USW00093245,1070583,nan,13.350000000000001
USW00093245,1070748,nan,11.6
USW00093245,1070927,nan,12.7
USW00093245,1071096,nan,12.8
USW00093245,1071235,nan,12.3
USW00093245,1071384,nan,11.3
USW00093245,1071554,nan,9.899999999999999
USW00093245,1071750,nan,10.2
USW00093245,1071937,nan,11.649999999999999
USW00093245,1072099,nan,13.7
USW00093245,1072256,nan,11.1
USW00093245,1072404,nan,10.8
USW00093245,1072561,nan,11.149999999999999
USW00093245,1072743,nan,15.55
USW00093245,1072963,nan,11.649999999999999
USW00093245,1073204,nan,13.8
USW00093245,1073417,nan,13.25
USW00093245,1073607,nan,10.7
USW00093245,1073767,nan,10.8
USW00093245,1073904,nan,9.15
USW00093245,1074092,nan,9.850000000000001
USW00093245,1074232,nan,8.149999999999999
USW00093245,1074375,nan,10.45
USW00093245,1074549,nan,7.85
USW00093245,1074746,nan,9.45
USW00093245,1074951,nan,9.100000000000001
USW00093245,1075179,nan,10.45
USW00093245,1075357,nan,10.149999999999999
USW00093245,1075474,nan,8.350000000000001
USW00093245,1075528,nan,10.15
USW00093245,1075588,nan,8.7
USW00093245,1075682,nan,9.0
USW00093245,1075792,nan,8.6
USW00093245,1075898,nan,8.6
USW00093245,1076005,nan,8.649999999999999
USW00093245,1076144,nan,10.5
USW00093245,1076327,nan,8.649999999999999
USW00093245,1076462,nan,9.15
USW00093245,1076570,nan,10.7
USW00093245,1076704,nan,9.0
USW00093245,1076888,nan,8.05
USW00093245,1077067,nan,7.65
USW00093245,1077255,nan,8.25
USW00093245,1077441,nan,8.9
USW00093245,1077573,nan,10.7
USW00093245,1077701,nan,9.75
USW00093245,1077864,nan,8.399999999999999
USW00093245,1078076,nan,8.55
USW00093245,1078260,nan,13.05
USW00093245,1078445,nan,8.95
USW00093245,1078618,nan,6.300000000000001
USW00093245,1078806,nan,11.1
USW00093245,1078987,nan,10.9
USW00093245,1079143,nan,11.95
USW00093245,1079293,nan,11.75
USW00093245,1079424,nan,10.2
USW00093245,1079499,nan,12.5
USW00093245,1079553,nan,10.6
USW00093245,1079664,nan,10.1
USW00093245,1079785,nan,9.55
USW00093245,1079969,nan,6.3
USW00093245,1080130,nan,10.3
USW00093245,1080210,nan,12.3
USW00093245,1080311,nan,9.649999999999999
USW00093245,1080459,nan,14.6
USW00093245,1080684,nan,16.0
USW00093245,1080900,nan,6.8
USW00093245,1081101,nan,7.45
USW00093245,1081305,nan,10.8
USW00093245,1081495,nan,11.55
USW00093245,1081683,nan,12.45
USW00093245,1081862,nan,8.2
USW00093245,1082033,nan,9.05
USW00093245,1082200,nan,7.75
USW00093245,1082381,nan,8.55
USW00093245,1082529,nan,10.6
USW00093245,1082638,nan,7.15
USW00093245,1082843,nan,2.95
USW00093245,1083026,nan,4.199999999999999
USW00093245,1083198,nan,8.0
USW00093245,1083347,nan,1.2000000000000002
USW00093245,1083551,nan,3.0
USW00093245,1083754,nan,1.9500000000000002
USW00093245,1083947,nan,3.6999999999999997
USW00093245,1084155,nan,7.75
USW00093245,1084334,nan,7.9
USW00093245,1084534,nan,5.7
USW00093245,1084690,nan,4.3
USW00093245,1084882,nan,9.5
USW00093245,1085096,nan,13.100000000000001
USW00093245,1085276,nan,7.5
USW00093245,1085401,nan,9.3
USW00093245,1085536,nan,7.2
USW00093245,1085702,nan,10.0
USW00093245,1085816,nan,7.550000000000001
USW00093245,1085992,nan,7.550000000000001
USW00093245,1086194,nan,8.600000000000001
USW00093245,1086385,nan,6.75
USW00093245,1086586,nan,9.350000000000001
USW00093245,1086798,nan,14.1
USW00093245,1086981,nan,6.25
USW00093245,1087183,nan,6.65
USW00093245,1087395,nan,10.899999999999999
USW00093245,1087580,nan,8.45
USW00094299,1095415,nan,25.85
USW00094299,1096451,nan,19.45
