Station_ID,Index,Original_Temperature,Filled_Temperature
USW00023224,13866,nan,26.0
USW00023224,13868,nan,48.5
USW00023224,13870,nan,65.0
USW00023224,13872,nan,69.5
USW00023224,13874,nan,70.0
USW00023224,13876,nan,75.0
USW00023224,13881,nan,76.0
USW00023224,13883,nan,63.5
USW00023224,13885,nan,54.5
USW00023224,13887,nan,53.0
USW00023224,13889,nan,49.0
USW00023224,13895,nan,45.5
USW00023224,13897,nan,48.5
USW00023224,13899,nan,45.0
USW00023224,13904,nan,37.0
USW00023224,13924,nan,39.0
USW00023224,13926,nan,55.0
USW00023224,13928,nan,43.5
USW00023224,13976,nan,44.5
USW00023224,13978,nan,44.5
USW00023224,13983,nan,37.0
USW00023224,13987,nan,24.5
USW00023224,13994,nan,44.0
USW00023224,13996,nan,46.5
USW00023224,13998,nan,45.0
USW00023224,14012,nan,12.0
USW00023224,14018,nan,28.5
USW00023224,15439,nan,59.0
USW00023224,15441,nan,59.0
USW00023224,15443,nan,58.0
USW00023224,15445,nan,57.5
USW00023224,15447,nan,58.0
USW00023224,15449,nan,52.5
USW00023224,15451,nan,37.5
USW00023224,15453,nan,30.5
USW00023224,15983,nan,22.0
USW00023224,15989,nan,37.0
USW00023224,16027,nan,16.5
USW00023224,16353,nan,35.5
USW00023224,16357,nan,30.5
USW00023224,16359,nan,58.0
USW00023224,16361,nan,60.5
USW00023224,16363,nan,55.0
USW00023224,16365,nan,45.0
USW00023224,16368,nan,53.0
USW00023224,16370,nan,53.0
USW00023224,16372,nan,56.0
USW00023224,16374,nan,56.0
USW00023224,16376,nan,29.5
USW00023224,16379,nan,31.0
USW00023224,16381,nan,6.0
USW00023224,16405,nan,35.0
USW00023224,16407,nan,72.0
USW00023224,16409,nan,79.5
USW00023224,16411,nan,71.5
USW00023224,16413,nan,72.0
USW00023224,16415,nan,70.5
USW00023224,16424,nan,81.0
USW00023224,16426,nan,76.5
USW00023224,16428,nan,70.0
USW00023224,16430,nan,35.5
USW00023224,16462,nan,29.5
USW00023224,16465,nan,40.0
USW00023224,16469,nan,7.0
USW00023224,16471,nan,5.0
USW00023225,25537,nan,10.850000000000001
USW00023230,36643,nan,9.7
USW00023232,39454,nan,12.8
USW00023232,44127,nan,21.95
USW00023233,47739,nan,9.45
USW00023233,47862,nan,10.0
USW00023233,47865,nan,9.0
USW00023233,47867,nan,9.0
USW00023233,47872,nan,8.0
USW00023233,47917,nan,9.0
USW00023233,47923,nan,8.5
USW00023233,47926,nan,8.0
USW00023233,47929,nan,9.0
USW00023233,48455,nan,7.9
USW00023233,48458,nan,7.0
USW00023233,48802,nan,7.9
USW00023233,48807,nan,8.0
USW00023233,49179,nan,7.0
USW00023233,50443,nan,12.0
USW00023233,52142,nan,12.5
USW00023233,52362,nan,13.0
USW00023233,54208,nan,13.0
USW00023233,54212,nan,13.0
USW00023233,54214,nan,13.0
USW00023233,54249,nan,13.0
USW00023233,54680,nan,12.5
USW00023233,55092,nan,13.0
USW00023233,55329,nan,13.600000000000001
USW00023233,55331,nan,13.65
USW00023233,55553,nan,13.05
USW00023233,55555,nan,14.15
USW00023233,55669,nan,13.0
USW00023233,55704,nan,17.6
USW00023233,55822,nan,13.5
USW00023233,55897,nan,14.0
USW00023233,55906,nan,13.0
USW00023233,55908,nan,12.5
USW00023233,56265,nan,8.5
USW00023233,56737,nan,7.9
USW00023233,56994,nan,9.5
USW00023233,57892,nan,9.0
USW00023233,57910,nan,11.0
USW00023233,57913,nan,10.5
USW00023233,57919,nan,9.5
USW00023233,57923,nan,11.0
USW00023233,57932,nan,7.5
USW00023234,66480,nan,13.3
USW00023237,75340,nan,3.5
USW00023237,75342,nan,3.0
USW00023237,75345,nan,2.0
USW00023237,75348,nan,2.5
USW00023237,75351,nan,3.0
USW00023237,75353,nan,3.15
USW00023237,75355,nan,3.15
USW00023237,75357,nan,3.0
USW00023237,75359,nan,3.0
USW00023237,75361,nan,3.0
USW00023237,75363,nan,3.0
USW00023237,75365,nan,3.15
USW00023237,75367,nan,3.65
USW00023237,75369,nan,4.5
USW00023237,75371,nan,5.0
USW00023237,75374,nan,5.5
USW00023237,75377,nan,6.0
USW00023237,75382,nan,6.0
USW00023237,75384,nan,5.0
USW00023237,75386,nan,4.0
USW00023237,75388,nan,3.0
USW00023237,75390,nan,2.0
USW00023237,75393,nan,1.05
USW00023237,75395,nan,1.55
USW00023237,75397,nan,2.0
USW00023237,75399,nan,2.0
USW00023237,75401,nan,1.5
USW00023237,75403,nan,1.0
USW00023237,75405,nan,1.35
USW00023237,75407,nan,1.35
USW00023237,75409,nan,1.0
USW00023237,75411,nan,1.0
USW00023237,75413,nan,1.0
USW00023237,75415,nan,1.0
USW00023237,75417,nan,1.6
USW00023237,75419,nan,2.6
USW00023237,75421,nan,3.0
USW00023237,75423,nan,3.5
USW00023237,75440,nan,3.0
USW00023237,75442,nan,3.0
USW00023237,75444,nan,3.0
USW00023237,75446,nan,3.45
USW00023237,75448,nan,3.95
USW00023237,75450,nan,4.0
USW00023237,75452,nan,4.0
USW00023237,75454,nan,4.0
USW00023237,75456,nan,4.0
USW00023237,75458,nan,4.2
USW00023237,75461,nan,4.0
USW00023237,75463,nan,4.0
USW00023237,75465,nan,4.0
USW00023237,75467,nan,4.0
USW00023237,75469,nan,4.0
USW00023237,75471,nan,3.95
USW00023237,75474,nan,4.0
USW00023237,75480,nan,4.5
USW00023237,75790,nan,3.0
USW00023237,75792,nan,3.0
USW00023237,75806,nan,10.5
USW00023237,75833,nan,11.0
USW00023237,75887,nan,6.0
USW00023237,75889,nan,6.0
USW00023237,75892,nan,5.0
USW00023237,75895,nan,6.0
USW00023237,75902,nan,6.0
USW00023237,75904,nan,6.5
USW00023237,75931,nan,7.5
USW00023237,76035,nan,8.95
USW00023237,76043,nan,8.0
USW00023237,76045,nan,7.5
USW00023237,76050,nan,8.5
USW00023237,76094,nan,7.0
USW00023237,76097,nan,6.0
USW00023237,76099,nan,6.5
USW00023237,76141,nan,2.9
USW00023237,76146,nan,2.5
USW00023237,76148,nan,2.0
USW00023237,76150,nan,2.0
USW00023237,76153,nan,3.0
USW00023237,76196,nan,3.0
USW00023237,76199,nan,2.5
USW00023237,76201,nan,3.15
USW00023237,76204,nan,3.0
USW00023237,76206,nan,2.5
USW00023237,76208,nan,2.5
USW00023237,76210,nan,2.5
USW00023237,76212,nan,3.5
USW00023237,76214,nan,5.3
USW00023237,76216,nan,6.8
USW00023237,76262,nan,4.5
USW00023237,76264,nan,5.5
USW00023237,76266,nan,6.0
USW00023237,76301,nan,6.5
USW00023237,76303,nan,5.5
USW00023237,76305,nan,5.5
USW00023237,76307,nan,6.5
USW00023237,76309,nan,7.0
USW00023237,76311,nan,6.85
USW00023237,76313,nan,6.35
USW00023237,76315,nan,6.0
USW00023237,76317,nan,5.5
USW00023237,76319,nan,5.0
USW00023237,76321,nan,5.0
USW00023237,76323,nan,5.85
USW00023237,76326,nan,8.0
USW00023237,76329,nan,9.0
USW00023237,76346,nan,6.5
USW00023237,76348,nan,6.0
USW00023237,76350,nan,4.5
USW00023237,76355,nan,3.5
USW00023237,76357,nan,3.5
USW00023237,76359,nan,4.0
USW00023237,76361,nan,4.0
USW00023237,76363,nan,3.5
USW00023237,76365,nan,3.45
USW00023237,76367,nan,4.45
USW00023237,76369,nan,5.0
USW00023237,76371,nan,5.0
USW00023237,76373,nan,5.0
USW00023237,76375,nan,5.0
USW00023237,76377,nan,5.55
USW00023237,76379,nan,6.55
USW00023237,76381,nan,7.5
USW00023237,76384,nan,9.0
USW00023237,76415,nan,6.0
USW00023237,76418,nan,5.0
USW00023237,76420,nan,5.5
USW00023237,76422,nan,6.0
USW00023237,76424,nan,5.5
USW00023237,76426,nan,5.5
USW00023237,76428,nan,6.0
USW00023237,76430,nan,6.0
USW00023237,76432,nan,6.5
USW00023237,76434,nan,7.5
USW00023237,76436,nan,8.0
USW00023237,76438,nan,8.5
USW00023237,76441,nan,10.0
USW00023237,76450,nan,8.0
USW00023237,76452,nan,7.5
USW00023237,76454,nan,7.0
USW00023237,76456,nan,7.5
USW00023237,76458,nan,7.6
USW00023237,76460,nan,7.6
USW00023237,76462,nan,7.5
USW00023237,76464,nan,7.0
USW00023237,76466,nan,7.0
USW00023237,76468,nan,7.0
USW00023237,76470,nan,6.85
USW00023237,76472,nan,6.85
USW00023237,76474,nan,7.0
USW00023237,76476,nan,6.5
USW00023237,76478,nan,6.0
USW00023237,76480,nan,6.0
USW00023237,76482,nan,6.05
USW00023237,76484,nan,6.55
USW00023237,76510,nan,4.2
USW00023237,76512,nan,4.7
USW00023237,76514,nan,5.0
USW00023237,76516,nan,5.5
USW00023237,76518,nan,6.0
USW00023237,76520,nan,6.0
USW00023237,76522,nan,5.8
USW00023237,76524,nan,5.3
USW00023237,76526,nan,5.0
USW00023237,76528,nan,5.0
USW00023237,76530,nan,5.0
USW00023237,76532,nan,5.0
USW00023237,76534,nan,5.3
USW00023237,76557,nan,4.0
USW00023237,76559,nan,4.8
USW00023237,76561,nan,5.8
USW00023237,76563,nan,5.5
USW00023237,76565,nan,5.0
USW00023237,76567,nan,5.0
USW00023237,76569,nan,4.5
USW00023237,76571,nan,4.2
USW00023237,76573,nan,4.2
USW00023237,76575,nan,4.0
USW00023237,76577,nan,4.0
USW00023237,76579,nan,4.0
USW00023237,76581,nan,4.0
USW00023237,76583,nan,4.2
USW00023237,76607,nan,5.0
USW00023237,76609,nan,5.0
USW00023237,76611,nan,5.0
USW00023237,76613,nan,4.5
USW00023237,76615,nan,4.5
USW00023237,76617,nan,5.0
USW00023237,76620,nan,6.0
USW00023237,76622,nan,6.0
USW00023237,76624,nan,5.8
USW00023237,76626,nan,5.8
USW00023237,76628,nan,6.0
USW00023237,76727,nan,2.9
USW00023237,76776,nan,2.1
USW00023237,76779,nan,2.0
USW00023237,76784,nan,1.0
USW00023237,76787,nan,2.5
USW00023237,76789,nan,4.0
USW00023237,76791,nan,5.3
USW00023237,76793,nan,6.3
USW00023237,77638,nan,5.0
USW00023237,77651,nan,7.9
USW00023237,77655,nan,7.0
USW00023237,77661,nan,6.5
USW00023237,77663,nan,6.05
USW00023237,77665,nan,6.55
USW00023237,77667,nan,7.0
USW00023237,77669,nan,6.5
USW00023237,77671,nan,5.0
USW00023237,77673,nan,4.0
USW00023237,77675,nan,3.65
USW00023237,77677,nan,3.15
USW00023237,77679,nan,2.0
USW00023237,77681,nan,1.0
USW00023237,77683,nan,1.5
USW00023237,77687,nan,6.6
USW00023237,77689,nan,8.1
USW00023237,77691,nan,9.5
USW00023237,77693,nan,10.5
USW00023237,77695,nan,11.5
USW00023237,77706,nan,9.5
USW00023237,77708,nan,8.5
USW00023237,77710,nan,7.9
USW00023237,77712,nan,7.9
USW00023237,77714,nan,7.5
USW00023237,77716,nan,7.0
USW00023237,77718,nan,7.0
USW00023237,77720,nan,6.5
USW00023237,77722,nan,5.8
USW00023237,77724,nan,5.8
USW00023237,77726,nan,6.0
USW00023237,77731,nan,5.8
USW00023237,77749,nan,11.85
USW00023237,77753,nan,9.0
USW00023237,77755,nan,7.0
USW00023237,77757,nan,6.0
USW00023237,77759,nan,5.5
USW00023237,77761,nan,4.5
USW00023237,77763,nan,3.5
USW00023237,77765,nan,3.0
USW00023237,77767,nan,3.0
USW00023237,77769,nan,2.5
USW00023237,77771,nan,2.1
USW00023237,77773,nan,1.6
USW00023237,77775,nan,0.5
USW00023237,77777,nan,0.5
USW00023237,77779,nan,2.0
USW00023237,77781,nan,4.5
USW00023237,77783,nan,7.7
USW00023237,77785,nan,10.2
USW00023237,77787,nan,11.5
USW00023237,77789,nan,12.5
USW00023237,77793,nan,14.0
USW00023237,78209,nan,6.0
USW00023237,78257,nan,6.0
USW00023237,79592,nan,11.0
USW00023237,79594,nan,11.5
USW00023237,83085,nan,30.5
USW00023237,90071,nan,1.05
USW00023237,90073,nan,1.05
USW00023237,90075,nan,1.5
USW00023237,90077,nan,2.0
USW00023237,90079,nan,2.5
USW00023237,90222,nan,7.0
USW00023237,90372,nan,3.5
USW00023237,90665,nan,5.0
USW00023237,90667,nan,5.5
USW00023237,90669,nan,6.0
USW00023237,90671,nan,6.5
USW00023237,90674,nan,7.9
USW00023237,90711,nan,4.0
USW00023237,90713,nan,4.5
USW00023237,90715,nan,5.3
USW00023237,90717,nan,5.8
USW00023237,90719,nan,6.0
USW00023237,90721,nan,6.0
USW00023237,90723,nan,6.0
USW00023237,90726,nan,7.0
USW00023237,90770,nan,5.5
USW00023237,90916,nan,7.1
USW00023237,90919,nan,6.0
USW00023237,90922,nan,4.5
USW00023237,90924,nan,5.0
USW00023237,90926,nan,6.5
USW00023237,90953,nan,6.5
USW00023237,90955,nan,5.5
USW00023237,90958,nan,4.5
USW00023237,90960,nan,5.5
USW00023237,90962,nan,6.0
USW00023237,90964,nan,6.5
USW00023237,90966,nan,7.0
USW00023237,90968,nan,6.85
USW00023237,90970,nan,6.35
USW00023237,90972,nan,6.0
USW00023237,90974,nan,6.0
USW00023237,90976,nan,6.5
USW00023237,90978,nan,7.0
USW00023237,90980,nan,7.5
USW00023237,90983,nan,7.6
USW00023237,90985,nan,8.5
USW00023237,91001,nan,9.0
USW00023237,91003,nan,9.0
USW00023237,91005,nan,8.95
USW00023237,91009,nan,8.0
USW00023237,91011,nan,8.0
USW00023237,91013,nan,8.0
USW00023237,91015,nan,7.9
USW00023237,91017,nan,7.9
USW00023237,91019,nan,8.0
USW00023237,91021,nan,8.0
USW00023237,91023,nan,8.0
USW00023237,91025,nan,8.0
USW00023237,91027,nan,8.15
USW00023237,91056,nan,3.95
USW00023237,91058,nan,3.95
USW00023237,91060,nan,4.0
USW00023237,91062,nan,4.0
USW00023237,91064,nan,5.0
USW00023237,91066,nan,6.5
USW00023237,91068,nan,6.85
USW00023237,91071,nan,7.0
USW00023237,91073,nan,7.0
USW00023237,91075,nan,7.0
USW00023237,91077,nan,7.0
USW00023237,91079,nan,7.0
USW00023237,91081,nan,7.4
USW00023237,91084,nan,8.0
USW00023237,91086,nan,8.0
USW00023237,91088,nan,8.0
USW00023237,91090,nan,8.0
USW00023237,91092,nan,8.5
USW00023237,91094,nan,8.95
USW00023237,91097,nan,9.0
USW00023237,91517,nan,10.0
USW00023237,91793,nan,0.0
USW00023237,91795,nan,1.5
USW00023237,91885,nan,-0.5
USW00023237,91888,nan,-1.0
USW00023237,91890,nan,-0.5
USW00023237,91892,nan,-0.5
USW00023237,91894,nan,-0.5
USW00023237,91896,nan,0.0
USW00023237,91900,nan,2.85
USW00023237,91946,nan,-0.5
USW00023237,91949,nan,1.0
USW00023237,91951,nan,2.4
USW00023237,91953,nan,3.4
USW00023237,91956,nan,5.0
USW00023237,91999,nan,0.5
USW00023237,92004,nan,-1.0
USW00023237,92006,nan,-1.0
USW00023237,92009,nan,1.5
USW00023237,92011,nan,2.65
USW00023237,92014,nan,3.5
USW00023237,92044,nan,1.05
USW00023237,92046,nan,0.5
USW00023237,92048,nan,0.0
USW00023237,92053,nan,2.0
USW00023237,92055,nan,1.55
USW00023237,92058,nan,2.0
USW00023237,92062,nan,2.0
USW00023237,92064,nan,2.5
USW00023237,92066,nan,3.5
USW00023237,92068,nan,4.2
USW00023237,92071,nan,5.0
USW00023237,92109,nan,0.050000000000000044
USW00023237,92113,nan,0.0
USW00023237,92117,nan,1.5
USW00023237,92119,nan,2.0
USW00023237,92121,nan,2.0
USW00023237,92123,nan,2.5
USW00023237,92125,nan,3.45
USW00023237,92128,nan,4.5
USW00023237,92130,nan,5.0
USW00023237,92133,nan,5.5
USW00023237,92159,nan,0.8
USW00023237,92167,nan,0.5
USW00023237,92170,nan,-1.0
USW00023237,92172,nan,-1.0
USW00023237,92174,nan,-0.5
USW00023237,92177,nan,-2.0
USW00023237,92180,nan,-3.0
USW00023237,92183,nan,-1.5
USW00023237,92185,nan,-1.0
USW00023237,92187,nan,0.0
USW00023237,92189,nan,1.05
USW00023237,92191,nan,2.05
USW00023237,92484,nan,-1.55
USW00023237,92490,nan,-2.0
USW00023237,92495,nan,1.0
USW00023237,92497,nan,0.0
USW00023237,92684,nan,7.0
USW00023243,96743,nan,19.0
USW00023243,96747,nan,18.5
USW00023243,96750,nan,16.5
USW00023243,100780,nan,18.5
USW00023243,102297,nan,19.0
USW00023243,102550,nan,18.0
USW00023243,102815,nan,21.0
USW00023243,102821,nan,24.5
USW00023243,102825,nan,26.5
USW00023243,104654,nan,13.5
USW00023243,104660,nan,19.0
USW00023243,104783,nan,19.0
USW00023243,105888,nan,2.5
USW00023254,130869,nan,25.85
USW00023254,132626,nan,20.55
USW00023257,134826,nan,6.4
USW00023257,139705,nan,28.35
USW00023257,142532,nan,22.75
USW00023258,144628,nan,12.25
USW00023258,149277,nan,28.6
USW00023258,151450,nan,12.1
USW00023258,152006,nan,8.9
USW00023258,152010,nan,19.2
USW00023259,158727,nan,11.8
USW00023259,159587,nan,13.9
USW00023273,166767,nan,6.1
USW00023275,177205,nan,7.4
USW00023277,200425,nan,12.8
USW00023277,201182,nan,12.9
USW00023277,201250,nan,13.05
USW00023277,201627,nan,14.65
USW00023277,201791,nan,11.05
USW00023277,202043,nan,12.5
USW00023277,203057,nan,17.2
USW00023277,203087,nan,15.0
USW00023277,203172,nan,15.5
USW00023285,205733,nan,7.6
USW00023285,208083,nan,10.3
USW00023285,213748,nan,16.7
USW00023289,215581,nan,12.5
USW00023289,215942,nan,13.5
USW00023289,215984,nan,15.5
USW00023289,216038,nan,13.0
USW00023289,216288,nan,12.0
USW00023289,216446,nan,14.5
USW00023289,216861,nan,8.5
USW00023289,216876,nan,9.5
USW00023289,219441,nan,25.0
USW00023289,220247,nan,7.5
USW00024215,237697,nan,10.9
USW00024215,242779,nan,23.35
USW00024216,253663,nan,23.35
USW00024216,256198,nan,34.150000000000006
USW00024216,258709,nan,17.5
USW00024257,261935,nan,8.15
USW00024257,269922,nan,14.15
USW00024259,273604,nan,6.1
USW00024259,274297,nan,16.4
USW00024259,276450,nan,25.0
USW00024283,285602,nan,12.6
USW00053119,314398,nan,19.200000000000003
USW00053119,319190,nan,6.0
USW00053120,321502,nan,3.0
USW00053120,321717,nan,4.2
USW00053120,322006,nan,11.35
USW00053120,322053,nan,6.85
USW00053120,326146,nan,10.5
USW00053121,333723,nan,9.45
USW00053121,334367,nan,18.1
USW00053121,338929,nan,22.75
USW00053130,342350,nan,11.0
USW00053130,342409,nan,14.5
USW00053130,342429,nan,14.0
USW00053130,342457,nan,24.0
USW00053130,342473,nan,23.5
USW00053130,342545,nan,22.0
USW00053130,342555,nan,18.0
USW00053130,342642,nan,11.5
USW00053130,342669,nan,11.0
USW00053130,342710,nan,18.5
USW00053130,342720,nan,17.5
USW00053130,342764,nan,15.0
USW00053130,342783,nan,13.0
USW00053130,342806,nan,10.5
USW00053130,342960,nan,21.0
USW00053130,343110,nan,8.0
USW00053130,343146,nan,11.5
USW00053130,343256,nan,14.5
USW00053130,343258,nan,17.0
USW00053130,343324,nan,18.5
USW00053130,343327,nan,20.0
USW00053130,343372,nan,16.5
USW00053130,343500,nan,29.0
USW00053130,343512,nan,31.5
USW00053130,343522,nan,28.5
USW00053130,343524,nan,31.0
USW00053130,343608,nan,27.0
USW00053130,343640,nan,15.5
USW00053130,343642,nan,17.5
USW00053130,343667,nan,22.5
USW00053130,343915,nan,27.5
USW00053130,343959,nan,23.5
USW00053130,343999,nan,22.0
USW00053130,344181,nan,20.0
USW00053130,344261,nan,24.5
USW00053130,344267,nan,29.0
USW00053130,344478,nan,20.5
USW00053130,344527,nan,34.0
USW00053130,344531,nan,26.5
USW00053130,344544,nan,28.5
USW00053130,344582,nan,33.0
USW00053130,344617,nan,34.0
USW00053130,344638,nan,35.0
USW00053130,344642,nan,37.5
USW00053130,344679,nan,30.5
USW00053130,344746,nan,39.0
USW00053130,344814,nan,20.0
USW00053130,344817,nan,26.0
USW00053130,344822,nan,27.0
USW00053130,344842,nan,28.0
USW00053130,344870,nan,25.0
USW00053130,344887,nan,29.5
USW00053130,344939,nan,26.0
USW00053130,344957,nan,28.5
USW00053130,344965,nan,25.5
USW00053130,344974,nan,22.5
USW00053130,344998,nan,33.5
USW00053130,345010,nan,27.0
USW00053130,345022,nan,21.0
USW00053130,345033,nan,16.5
USW00053130,345041,nan,15.0
USW00053130,345077,nan,22.0
USW00053130,345112,nan,35.0
USW00053130,345147,nan,22.0
USW00053130,345183,nan,17.0
USW00053130,345191,nan,16.5
USW00053130,345234,nan,18.5
USW00053130,345245,nan,14.5
USW00053130,345309,nan,22.5
USW00053130,345336,nan,19.5
USW00053130,345345,nan,15.0
USW00053130,345348,nan,12.5
USW00053130,345363,nan,14.0
USW00053130,345398,nan,13.0
USW00053130,345415,nan,21.5
USW00053130,345456,nan,15.0
USW00053130,345464,nan,18.5
USW00053130,345494,nan,11.5
USW00053130,345502,nan,13.0
USW00053130,345550,nan,16.0
USW00053130,345556,nan,13.0
USW00053130,345574,nan,16.5
USW00053130,345598,nan,22.0
USW00053130,345603,nan,22.5
USW00053130,345618,nan,16.5
USW00053139,346014,nan,4.25
USW00053139,346199,nan,6.05
USW00053139,346346,nan,4.2
USW00053139,346490,nan,4.95
USW00053139,346686,nan,5.15
USW00053139,346889,nan,6.45
USW00053139,347088,nan,7.05
USW00053139,347290,nan,6.5
USW00053139,347496,nan,7.800000000000001
USW00053139,347694,nan,10.45
USW00053139,347866,nan,9.0
USW00053139,348044,nan,6.05
USW00053139,348250,nan,7.9
USW00053139,348453,nan,9.2
USW00053139,348688,nan,12.35
USW00053139,348920,nan,12.05
USW00053139,349119,nan,13.15
USW00053139,349333,nan,13.7
USW00053139,349557,nan,13.35
USW00053139,349772,nan,17.75
USW00053139,349982,nan,12.55
USW00053139,350196,nan,12.05
USW00053139,350403,nan,21.0
USW00053139,350604,nan,12.5
USW00053139,350826,nan,11.45
USW00053139,351039,nan,13.149999999999999
USW00053139,351274,nan,10.7
USW00053139,351516,nan,12.6
USW00053139,351725,nan,11.850000000000001
USW00053139,351940,nan,13.15
USW00053139,352147,nan,16.3
USW00053139,352354,nan,17.6
USW00053139,352551,nan,11.5
USW00053139,352761,nan,5.1
USW00053139,352975,nan,7.45
USW00053139,353197,nan,12.2
USW00053139,353408,nan,21.65
USW00053139,353617,nan,16.7
USW00053139,353829,nan,19.15
USW00053139,354005,nan,13.5
USW00053139,354210,nan,11.75
USW00053139,354413,nan,10.9
USW00053139,354645,nan,13.15
USW00053139,354859,nan,11.55
USW00053139,355082,nan,11.2
USW00053139,355302,nan,15.5
USW00053139,355499,nan,14.75
USW00053139,355701,nan,13.8
USW00053139,355903,nan,12.8
USW00053139,356116,nan,13.55
USW00053139,356303,nan,12.149999999999999
USW00053139,356483,nan,11.45
USW00053139,356676,nan,10.95
USW00053139,356864,nan,12.55
USW00053139,357066,nan,11.55
USW00053139,357273,nan,11.850000000000001
USW00053139,357482,nan,15.950000000000001
USW00053139,357609,nan,10.45
USW00053139,357797,nan,9.35
USW00053139,357992,nan,13.0
USW00053139,358172,nan,13.45
USW00053139,358379,nan,15.95
USW00053139,358589,nan,21.4
USW00053139,358795,nan,16.9
USW00053139,359001,nan,16.95
USW00053139,359214,nan,14.8
USW00053139,359433,nan,16.95
USW00053139,359630,nan,16.65
USW00053139,359837,nan,18.75
USW00053139,360061,nan,19.55
USW00053139,360291,nan,19.85
USW00053139,360495,nan,20.35
USW00053139,360703,nan,17.65
USW00053139,360908,nan,22.5
USW00053139,361115,nan,22.0
USW00053139,361321,nan,22.0
USW00053139,361495,nan,16.55
USW00053139,361711,nan,20.4
USW00053139,361887,nan,14.4
USW00053139,362045,nan,11.9
USW00053139,362224,nan,13.0
USW00053139,362416,nan,14.35
USW00053139,362608,nan,13.5
USW00053139,362799,nan,16.6
USW00053139,362984,nan,15.399999999999999
USW00053139,363190,nan,15.4
USW00053139,363397,nan,20.200000000000003
USW00053139,363602,nan,22.450000000000003
USW00053139,363791,nan,20.65
USW00053139,364006,nan,27.0
USW00053139,364224,nan,28.25
USW00053139,364444,nan,28.75
USW00053139,364652,nan,26.5
USW00053139,364841,nan,21.75
USW00053139,365032,nan,20.45
USW00053139,365246,nan,21.95
USW00053139,365436,nan,23.75
USW00053139,365634,nan,13.149999999999999
USW00053139,365788,nan,10.3
USW00053139,365975,nan,14.2
USW00053139,366169,nan,18.7
USW00053139,366364,nan,19.5
USW00053139,366570,nan,19.8
USW00053139,366789,nan,19.45
USW00053139,366989,nan,19.4
USW00053139,367199,nan,22.85
USW00053139,367419,nan,26.950000000000003
USW00053139,367632,nan,27.1
USW00053139,367840,nan,27.7
USW00053139,368029,nan,23.85
USW00053139,368230,nan,26.0
USW00053139,368449,nan,24.7
USW00053139,368618,nan,24.200000000000003
USW00053139,368807,nan,23.5
USW00053139,369005,nan,24.5
USW00053139,369192,nan,24.65
USW00053139,369384,nan,24.5
USW00053139,369576,nan,23.05
USW00053139,369771,nan,25.35
USW00053139,369959,nan,17.35
USW00053139,370155,nan,20.65
USW00053139,370339,nan,21.15
USW00053139,370535,nan,22.5
USW00053139,370755,nan,24.25
USW00053139,370957,nan,28.450000000000003
USW00053139,371172,nan,28.9
USW00053139,371384,nan,29.6
USW00053139,371572,nan,29.4
USW00053139,371772,nan,18.9
USW00053139,371965,nan,19.8
USW00053139,372143,nan,23.85
USW00053139,372340,nan,26.200000000000003
USW00053139,372558,nan,29.4
USW00053139,372757,nan,31.15
USW00053139,372967,nan,27.0
USW00053139,373148,nan,16.950000000000003
USW00053139,373324,nan,18.2
USW00053139,373514,nan,22.45
USW00053139,373709,nan,20.9
USW00053139,373893,nan,26.75
USW00053139,374092,nan,27.8
USW00053139,374292,nan,29.700000000000003
USW00053139,374497,nan,27.4
USW00053139,374689,nan,25.25
USW00053139,374886,nan,24.15
USW00053139,375105,nan,28.950000000000003
USW00053139,375303,nan,26.1
USW00053139,375503,nan,27.3
USW00053139,375706,nan,25.35
USW00053139,375891,nan,20.549999999999997
USW00053139,376085,nan,24.6
USW00053139,376282,nan,28.75
USW00053139,376500,nan,23.799999999999997
USW00053139,376690,nan,24.75
USW00053139,376880,nan,28.6
USW00053139,377098,nan,27.35
USW00053139,377316,nan,26.4
USW00053139,377514,nan,25.15
USW00053139,377719,nan,28.4
USW00053139,377917,nan,30.7
USW00053139,378117,nan,32.7
USW00053139,378323,nan,31.25
USW00053139,378523,nan,29.65
USW00053139,378718,nan,32.650000000000006
USW00053139,378924,nan,34.4
USW00053139,379128,nan,36.2
USW00053139,379327,nan,37.75
USW00053139,379528,nan,34.650000000000006
USW00053139,379724,nan,32.2
USW00053139,379918,nan,32.5
USW00053139,380117,nan,32.849999999999994
USW00053139,380317,nan,31.55
USW00053139,380541,nan,36.65
USW00053139,380766,nan,37.75
USW00053139,380993,nan,36.25
USW00053139,381208,nan,34.15
USW00053139,381409,nan,32.9
USW00053139,381609,nan,34.1
USW00053139,381824,nan,38.400000000000006
USW00053139,382037,nan,34.9
USW00053139,382215,nan,29.799999999999997
USW00053139,382415,nan,32.3
USW00053139,382627,nan,33.849999999999994
USW00053139,382833,nan,39.2
USW00053139,383047,nan,38.95
USW00053139,383207,nan,31.65
USW00053139,383247,nan,28.3
USW00053139,383436,nan,37.55
USW00053139,383616,nan,32.900000000000006
USW00053139,383810,nan,34.15
USW00053139,383994,nan,35.900000000000006
USW00053139,384193,nan,38.400000000000006
USW00053139,384404,nan,36.7
USW00053139,384605,nan,35.05
USW00053139,384810,nan,34.599999999999994
USW00053139,385017,nan,32.25
USW00053139,385211,nan,32.2
USW00053139,385403,nan,32.55
USW00053139,385611,nan,32.75
USW00053139,385828,nan,34.4
USW00053139,386038,nan,38.349999999999994
USW00053139,386272,nan,34.75
USW00053139,386488,nan,33.45
USW00053139,386702,nan,35.7
USW00053139,386907,nan,35.15
USW00053139,387104,nan,37.8
USW00053139,387311,nan,38.85
USW00053139,387499,nan,38.8
USW00053139,387712,nan,37.75
USW00053139,387913,nan,36.7
USW00053139,388111,nan,38.55
USW00053139,388315,nan,34.650000000000006
USW00053139,388500,nan,36.4
USW00053139,388670,nan,27.7
USW00053139,388868,nan,34.2
USW00053139,389071,nan,37.85
USW00053139,389288,nan,35.0
USW00053139,389506,nan,33.9
USW00053139,389721,nan,33.75
USW00053139,389935,nan,34.900000000000006
USW00053139,390154,nan,35.05
USW00053139,390372,nan,33.75
USW00053139,390568,nan,35.65
USW00053139,390771,nan,35.3
USW00053139,390974,nan,35.75
USW00053139,391177,nan,35.65
USW00053139,391378,nan,36.2
USW00053139,391577,nan,36.349999999999994
USW00053139,391774,nan,34.85
USW00053139,391988,nan,36.8
USW00053139,392202,nan,35.45
USW00053139,392406,nan,36.349999999999994
USW00053139,392603,nan,35.7
USW00053139,392809,nan,34.099999999999994
USW00053139,393022,nan,36.8
USW00053139,393242,nan,35.55
USW00053139,393454,nan,37.7
USW00053139,393646,nan,40.349999999999994
USW00053139,393849,nan,41.25
USW00053139,394048,nan,40.1
USW00053139,394254,nan,38.849999999999994
USW00053139,394471,nan,40.4
USW00053139,394670,nan,38.55
USW00053139,394890,nan,34.8
USW00053139,395103,nan,32.85
USW00053139,395312,nan,34.400000000000006
USW00053139,395534,nan,34.0
USW00053139,395743,nan,34.099999999999994
USW00053139,395946,nan,39.6
USW00053139,396134,nan,33.650000000000006
USW00053139,396336,nan,34.3
USW00053139,396550,nan,33.0
USW00053139,396755,nan,35.150000000000006
USW00053139,396972,nan,35.55
USW00053139,397163,nan,32.45
USW00053139,397344,nan,30.0
USW00053139,397533,nan,29.4
USW00053139,397735,nan,29.4
USW00053139,397881,nan,28.950000000000003
USW00053139,398071,nan,31.299999999999997
USW00053139,398277,nan,30.700000000000003
USW00053139,398480,nan,28.1
USW00053139,398693,nan,30.55
USW00053139,398911,nan,31.700000000000003
USW00053139,399113,nan,34.45
USW00053139,399333,nan,33.849999999999994
USW00053139,399550,nan,34.05
USW00053139,399770,nan,33.400000000000006
USW00053139,399968,nan,30.4
USW00053139,400176,nan,31.15
USW00053139,400383,nan,30.0
USW00053139,400600,nan,31.5
USW00053139,400814,nan,31.75
USW00053139,401029,nan,32.2
USW00053139,401243,nan,34.45
USW00053139,401444,nan,35.0
USW00053139,401652,nan,31.900000000000002
USW00053139,401837,nan,31.35
USW00053139,402024,nan,24.25
USW00053139,402208,nan,20.05
USW00053139,402389,nan,19.85
USW00053139,402591,nan,20.75
USW00053139,402788,nan,25.7
USW00053139,402974,nan,21.45
USW00053139,403173,nan,22.65
USW00053139,403381,nan,24.05
USW00053139,403594,nan,25.7
USW00053139,403811,nan,26.4
USW00053139,404029,nan,25.9
USW00053139,404247,nan,25.9
USW00053139,404471,nan,28.4
USW00053139,404678,nan,28.15
USW00053139,404897,nan,24.4
USW00053139,405126,nan,24.75
USW00053139,405355,nan,23.7
USW00053139,405574,nan,23.15
USW00053139,405804,nan,26.8
USW00053139,406033,nan,24.6
USW00053139,406254,nan,24.95
USW00053139,406455,nan,25.299999999999997
USW00053139,406637,nan,20.6
USW00053139,406848,nan,16.9
USW00053139,407065,nan,19.0
USW00053139,407277,nan,18.85
USW00053139,407496,nan,18.95
USW00053139,407718,nan,20.25
USW00053139,407930,nan,18.4
USW00053139,408132,nan,13.35
USW00053139,408343,nan,18.1
USW00053139,408549,nan,13.45
USW00053139,408728,nan,10.55
USW00053139,408926,nan,8.85
USW00053139,409116,nan,15.5
USW00053139,409325,nan,12.6
USW00053139,409530,nan,12.75
USW00053139,409721,nan,14.5
USW00053139,409909,nan,13.75
USW00053139,410102,nan,14.8
USW00053139,410312,nan,15.4
USW00053139,410519,nan,12.100000000000001
USW00053139,410739,nan,12.55
USW00053139,410952,nan,14.2
USW00053139,411152,nan,14.1
USW00053139,411360,nan,14.100000000000001
USW00053139,411562,nan,12.95
USW00053139,411736,nan,13.75
USW00053139,411931,nan,12.649999999999999
USW00053139,412132,nan,12.05
USW00053139,412327,nan,13.25
USW00053139,412531,nan,12.45
USW00053139,412751,nan,11.3
USW00053139,412977,nan,15.25
USW00053139,413177,nan,14.25
USW00053139,413391,nan,13.1
USW00053139,413609,nan,12.5
USW00053139,413811,nan,15.649999999999999
USW00053139,413935,nan,17.55
USW00053139,414111,nan,14.3
USW00053139,414293,nan,11.55
USW00053139,414507,nan,12.95
USW00053139,414703,nan,7.75
USW00053139,414911,nan,7.1
USW00053139,415121,nan,4.800000000000001
USW00053139,415329,nan,8.2
USW00053139,415557,nan,10.2
USW00053139,415775,nan,7.45
USW00053139,415986,nan,5.699999999999999
USW00053139,416182,nan,10.4
USW00053139,416361,nan,6.9
USW00053139,416572,nan,7.05
USW00053139,416783,nan,13.3
USW00053139,417000,nan,17.15
USW00053139,417211,nan,15.100000000000001
USW00053139,417421,nan,10.85
USW00053139,417642,nan,16.4
USW00053139,417843,nan,12.15
USW00053139,418055,nan,13.55
USW00053139,418261,nan,10.55
USW00053139,418479,nan,5.3
USW00053139,418707,nan,8.25
USW00053139,418934,nan,8.7
USW00053139,419146,nan,6.85
USW00053139,419363,nan,9.2
USW00053139,419588,nan,6.35
USW00053139,419795,nan,9.399999999999999
USW00053139,420000,nan,10.25
USW00053143,431730,nan,21.0
USW00053143,432360,nan,27.0
USW00053143,432443,nan,20.5
USW00053143,432491,nan,19.5
USW00053143,432874,nan,5.0
USW00053144,438052,nan,16.95
USW00053144,438113,nan,25.85
USW00053144,439077,nan,25.55
USW00053144,439261,nan,33.85
USW00053144,439562,nan,17.8
USW00053144,439734,nan,31.95
USW00053144,439757,nan,16.95
USW00053144,440172,nan,26.95
USW00053144,440757,nan,23.5
USW00053144,441792,nan,32.75
USW00053144,441918,nan,11.350000000000001
USW00053144,442470,nan,3.85
USW00053144,442543,nan,24.450000000000003
USW00053144,443155,nan,12.75
USW00053144,443254,nan,10.25
USW00053150,445431,nan,-1.9
USW00053150,445564,nan,-2.15
USW00053150,445638,nan,-3.1500000000000004
USW00053150,445735,nan,-3.2
USW00053150,445774,nan,-2.05
USW00053150,445924,nan,0.5
USW00053150,446105,nan,6.949999999999999
USW00053150,446261,nan,6.6
USW00053150,446403,nan,2.3
USW00053150,446595,nan,1.25
USW00053150,446753,nan,-0.6499999999999999
USW00053150,446926,nan,1.45
USW00053150,447068,nan,-0.25
USW00053150,447223,nan,5.15
USW00053150,447420,nan,4.95
USW00053150,447609,nan,11.55
USW00053150,447787,nan,9.2
USW00053150,447954,nan,10.55
USW00053150,448128,nan,12.149999999999999
USW00053150,448293,nan,6.699999999999999
USW00053150,448447,nan,9.3
USW00053150,448624,nan,8.5
USW00053150,448801,nan,9.4
USW00053150,448982,nan,9.25
USW00053150,449141,nan,7.300000000000001
USW00053150,449296,nan,9.2
USW00053150,449477,nan,9.15
USW00053150,449664,nan,10.350000000000001
USW00053150,449829,nan,8.4
USW00053150,449987,nan,7.65
USW00053150,450149,nan,-3.2
USW00053150,450266,nan,-0.65
USW00053150,450433,nan,0.6499999999999999
USW00053150,450611,nan,0.6499999999999999
USW00053150,450796,nan,1.6
USW00053150,450994,nan,9.0
USW00053150,451177,nan,8.5
USW00053150,451353,nan,6.75
USW00053150,451537,nan,10.45
USW00053150,451725,nan,2.05
USW00053150,451912,nan,0.7
USW00053150,452096,nan,-0.7
USW00053150,452276,nan,4.1
USW00053150,452429,nan,7.2
USW00053150,452593,nan,5.5
USW00053150,452766,nan,2.5
USW00053150,452928,nan,0.4
USW00053150,453082,nan,-1.5
USW00053150,453194,nan,-6.95
USW00053150,453280,nan,-3.95
USW00053150,453365,nan,-3.3
USW00053150,453499,nan,-6.75
USW00053150,453628,nan,-5.35
USW00053150,453762,nan,-4.75
USW00053150,453906,nan,-3.0
USW00053150,454049,nan,-4.65
USW00053150,454194,nan,-5.4
USW00053150,454301,nan,-9.9
USW00053150,454426,nan,-9.2
USW00053150,454439,nan,-7.9
USW00053150,454614,nan,-3.6
USW00053150,454786,nan,-1.25
USW00053150,454973,nan,1.2000000000000002
USW00053150,455082,nan,0.45
USW00053150,455144,nan,0.35
USW00053150,455195,nan,2.4
USW00053150,455335,nan,4.05
USW00053150,455477,nan,4.3
USW00053150,455578,nan,1.35
USW00053150,455701,nan,-3.7
USW00053150,455843,nan,3.95
USW00053150,455859,nan,5.55
USW00053150,456027,nan,7.15
USW00053150,456172,nan,3.6
USW00053150,456280,nan,2.4
USW00053150,456324,nan,-0.05
USW00053150,456498,nan,2.25
USW00053150,456649,nan,2.3
USW00053150,456815,nan,4.699999999999999
USW00053150,456957,nan,3.95
USW00053150,457069,nan,-0.5
USW00053150,457207,nan,-1.65
USW00053150,457316,nan,-5.45
USW00053150,457418,nan,-2.25
USW00053150,457480,nan,-4.15
USW00053150,457588,nan,-4.85
USW00053150,457685,nan,-2.95
USW00053150,457791,nan,-5.45
USW00053150,457875,nan,-4.9
USW00053150,458003,nan,-3.2
USW00053150,458085,nan,-0.7
USW00053150,458215,nan,-0.5
USW00053150,458342,nan,3.6
USW00053150,458370,nan,6.55
USW00053150,458541,nan,7.4
USW00053150,458728,nan,12.7
USW00053150,458889,nan,14.1
USW00053150,459050,nan,10.3
USW00053150,459208,nan,3.3499999999999996
USW00053150,459372,nan,7.7
USW00053150,459547,nan,7.45
USW00053150,459697,nan,5.2
USW00053150,459866,nan,-0.6499999999999999
USW00053150,460012,nan,-8.85
USW00053150,460134,nan,-6.15
USW00053150,460304,nan,-2.8499999999999996
USW00053150,460437,nan,0.75
USW00053150,460585,nan,1.75
USW00053150,460743,nan,0.0
USW00053150,460908,nan,0.15000000000000002
USW00053150,461067,nan,4.45
USW00053150,461233,nan,8.55
USW00053150,461385,nan,8.1
USW00053150,461539,nan,7.05
USW00053150,461693,nan,4.05
USW00053150,461837,nan,4.55
USW00053150,461984,nan,3.45
USW00053150,462133,nan,4.4
USW00053150,462275,nan,0.1
USW00053150,462384,nan,2.9
USW00053150,462502,nan,2.65
USW00053150,462504,nan,3.35
USW00053150,462515,nan,3.3
USW00053150,462682,nan,0.25
USW00053150,462855,nan,5.35
USW00053150,463033,nan,4.25
USW00053150,463217,nan,0.75
USW00053150,463396,nan,0.6
USW00053150,463561,nan,3.8499999999999996
USW00053150,463740,nan,7.85
USW00053150,463923,nan,9.2
USW00053150,464101,nan,11.4
USW00053150,464281,nan,13.8
USW00053150,464453,nan,12.1
USW00053150,464617,nan,10.25
USW00053150,464788,nan,5.2
USW00053150,464946,nan,-1.1
USW00053150,465101,nan,1.45
USW00053150,465281,nan,7.25
USW00053150,465477,nan,9.0
USW00053150,465663,nan,9.75
USW00053150,465841,nan,9.2
USW00053150,466007,nan,-1.25
USW00053150,466133,nan,-4.199999999999999
USW00053150,466265,nan,-2.25
USW00053150,466334,nan,-1.5
USW00053150,466468,nan,1.1
USW00053150,466629,nan,5.95
USW00053150,466809,nan,7.45
USW00053150,466977,nan,7.15
USW00053150,467158,nan,4.45
USW00053150,467330,nan,2.65
USW00053150,467517,nan,6.1
USW00053150,467678,nan,3.6500000000000004
USW00053150,467859,nan,4.3
USW00053150,468042,nan,4.45
USW00053150,468194,nan,-2.3
USW00053150,468349,nan,0.9
USW00053150,468535,nan,5.0
USW00053150,468709,nan,1.9
USW00053150,468839,nan,-1.25
USW00053150,469012,nan,3.1
USW00053150,469175,nan,6.25
USW00053150,469288,nan,3.8499999999999996
USW00053150,469457,nan,0.55
USW00053150,469575,nan,4.35
USW00053150,469740,nan,7.050000000000001
USW00053150,469929,nan,9.85
USW00053150,470110,nan,10.75
USW00053150,470296,nan,10.3
USW00053150,470473,nan,8.149999999999999
USW00053150,470672,nan,10.95
USW00053150,470854,nan,15.4
USW00053150,471046,nan,16.3
USW00053150,471230,nan,14.8
USW00053150,471425,nan,11.9
USW00053150,471600,nan,13.8
USW00053150,471768,nan,12.1
USW00053150,471960,nan,15.75
USW00053150,472137,nan,18.5
USW00053150,472323,nan,19.05
USW00053150,472488,nan,17.7
USW00053150,472657,nan,14.4
USW00053150,472828,nan,13.3
USW00053150,473006,nan,12.850000000000001
USW00053150,473189,nan,13.75
USW00053150,473366,nan,14.0
USW00053150,473532,nan,6.85
USW00053150,473612,nan,7.1
USW00053150,473682,nan,7.35
USW00053150,473873,nan,15.95
USW00053150,474048,nan,20.4
USW00053150,474231,nan,19.05
USW00053150,474415,nan,19.1
USW00053150,474596,nan,18.7
USW00053150,474781,nan,19.45
USW00053150,474944,nan,18.6
USW00053150,475103,nan,16.65
USW00053150,475271,nan,16.65
USW00053150,475443,nan,15.3
USW00053150,475613,nan,14.149999999999999
USW00053150,475787,nan,12.7
USW00053150,475968,nan,10.75
USW00053150,476144,nan,9.0
USW00053150,476314,nan,9.05
USW00053150,476415,nan,8.9
USW00053150,476596,nan,9.7
USW00053150,476771,nan,12.1
USW00053150,476954,nan,13.45
USW00053150,477136,nan,13.6
USW00053150,477315,nan,14.350000000000001
USW00053150,477499,nan,14.7
USW00053150,477673,nan,15.25
USW00053150,477843,nan,16.95
USW00053150,478005,nan,17.1
USW00053150,478178,nan,15.05
USW00053150,478360,nan,13.9
USW00053150,478527,nan,18.1
USW00053150,478718,nan,21.549999999999997
USW00053150,478889,nan,19.25
USW00053150,479083,nan,18.95
USW00053150,479264,nan,16.200000000000003
USW00053150,479437,nan,16.95
USW00053150,479615,nan,17.4
USW00053150,479788,nan,14.55
USW00053150,479970,nan,13.05
USW00053150,480149,nan,13.75
USW00053150,480321,nan,13.9
USW00053150,480496,nan,15.0
USW00053150,480692,nan,14.65
USW00053150,480867,nan,16.700000000000003
USW00053150,481053,nan,16.85
USW00053150,481241,nan,16.5
USW00053150,481407,nan,20.299999999999997
USW00053150,481573,nan,17.25
USW00053150,481748,nan,16.6
USW00053150,481935,nan,14.5
USW00053150,482099,nan,15.3
USW00053150,482267,nan,18.75
USW00053150,482432,nan,17.1
USW00053150,482617,nan,13.95
USW00053150,482793,nan,13.0
USW00053150,482977,nan,14.0
USW00053150,483171,nan,16.1
USW00053150,483348,nan,19.55
USW00053150,483528,nan,17.6
USW00053150,483699,nan,18.05
USW00053150,483881,nan,20.3
USW00053150,484045,nan,19.85
USW00053150,484208,nan,19.200000000000003
USW00053150,484390,nan,16.85
USW00053150,484567,nan,15.0
USW00053150,484745,nan,13.8
USW00053150,484914,nan,17.05
USW00053150,485097,nan,18.25
USW00053150,485276,nan,16.95
USW00053150,485455,nan,18.15
USW00053150,485619,nan,17.55
USW00053150,485775,nan,18.65
USW00053150,485957,nan,18.799999999999997
USW00053150,486142,nan,18.75
USW00053150,486342,nan,18.700000000000003
USW00053150,486532,nan,13.149999999999999
USW00053150,486706,nan,12.8
USW00053150,486874,nan,14.75
USW00053150,487068,nan,14.2
USW00053150,487244,nan,14.100000000000001
USW00053150,487410,nan,12.55
USW00053150,487568,nan,10.4
USW00053150,487741,nan,13.649999999999999
USW00053150,487919,nan,16.95
USW00053150,488075,nan,18.4
USW00053150,488248,nan,19.4
USW00053150,488425,nan,20.5
USW00053150,488591,nan,21.15
USW00053150,488777,nan,16.75
USW00053150,488963,nan,13.5
USW00053150,489150,nan,11.8
USW00053150,489330,nan,15.100000000000001
USW00053150,489503,nan,18.5
USW00053150,489668,nan,18.8
USW00053150,489846,nan,18.4
USW00053150,490028,nan,13.55
USW00053150,490209,nan,11.95
USW00053150,490364,nan,10.6
USW00053150,490533,nan,5.6
USW00053150,490655,nan,3.3499999999999996
USW00053150,490792,nan,-1.6
USW00053150,490877,nan,-0.1
USW00053150,490879,nan,0.5
USW00053150,490892,nan,1.85
USW00053150,491077,nan,4.8
USW00053150,491258,nan,7.55
USW00053150,491425,nan,7.85
USW00053150,491565,nan,8.850000000000001
USW00053150,491735,nan,13.15
USW00053150,491885,nan,17.35
USW00053150,492045,nan,16.25
USW00053150,492198,nan,15.1
USW00053150,492355,nan,13.0
USW00053150,492524,nan,13.6
USW00053150,492682,nan,14.4
USW00053150,492841,nan,12.55
USW00053150,493021,nan,10.45
USW00053150,493186,nan,11.7
USW00053150,493362,nan,15.25
USW00053150,493550,nan,14.8
USW00053150,493707,nan,15.05
USW00053150,493865,nan,9.2
USW00053150,494028,nan,6.4
USW00053150,494212,nan,6.5
USW00053150,494405,nan,6.65
USW00053150,494583,nan,11.05
USW00053150,494769,nan,10.95
USW00053150,494933,nan,11.2
USW00053150,495091,nan,9.5
USW00053150,495274,nan,9.15
USW00053150,495433,nan,5.3
USW00053150,495620,nan,-4.4
USW00053150,495770,nan,-3.0
USW00053150,495908,nan,-4.2
USW00053150,496043,nan,-2.9
USW00053150,496204,nan,-1.25
USW00053150,496413,nan,4.7
USW00053150,496588,nan,6.85
USW00053150,496758,nan,6.65
USW00053150,496910,nan,0.8500000000000001
USW00053150,497019,nan,2.95
USW00053150,497041,nan,2.1500000000000004
USW00053150,497063,nan,2.3499999999999996
USW00053150,497195,nan,4.4
USW00053150,497200,nan,4.65
USW00053150,497376,nan,4.2
USW00053150,497541,nan,5.85
USW00053150,497705,nan,7.300000000000001
USW00053150,497876,nan,2.1
USW00053150,497990,nan,-2.2
USW00053150,498124,nan,-3.3
USW00053150,498238,nan,-2.75
USW00053150,498409,nan,2.35
USW00053150,498573,nan,6.0
USW00053150,498738,nan,4.0
USW00053150,498922,nan,1.9500000000000002
USW00053150,499102,nan,11.2
USW00053150,499277,nan,11.8
USW00053150,499440,nan,10.1
USW00053150,499593,nan,12.7
USW00053150,499759,nan,12.2
USW00053150,499942,nan,-2.2
USW00053150,500102,nan,0.5
USW00053150,500297,nan,-1.45
USW00053150,500487,nan,2.2
USW00053150,500689,nan,2.1
USW00053150,500876,nan,-1.5
USW00053150,501053,nan,1.85
USW00053150,501240,nan,4.25
USW00053150,501407,nan,6.75
USW00053150,501565,nan,8.350000000000001
USW00053150,501722,nan,2.0
USW00053150,501888,nan,-4.35
USW00053150,502031,nan,-3.6500000000000004
USW00053150,502180,nan,-2.1
USW00053150,502348,nan,-1.15
USW00053150,502505,nan,2.45
USW00053150,502684,nan,7.7
USW00053150,502886,nan,5.25
USW00053150,503076,nan,1.05
USW00053150,503274,nan,3.6
USW00053150,503483,nan,4.25
USW00053150,503678,nan,1.9
USW00053150,503874,nan,4.0
USW00053150,504050,nan,5.55
USW00053150,504227,nan,6.6
USW00053150,504399,nan,7.05
USW00053150,504576,nan,6.45
USW00053150,504748,nan,11.05
USW00053150,504916,nan,7.65
USW00053150,505086,nan,9.75
USW00053150,505260,nan,5.9
USW00053151,505443,nan,4.699999999999999
USW00053151,505607,nan,5.8
USW00053151,505766,nan,8.3
USW00053151,505902,nan,6.6
USW00053151,506079,nan,8.6
USW00053151,506268,nan,10.7
USW00053151,506467,nan,12.35
USW00053151,506663,nan,7.4
USW00053151,506812,nan,8.55
USW00053151,506958,nan,8.350000000000001
USW00053151,507141,nan,9.95
USW00053151,507332,nan,11.0
USW00053151,507530,nan,12.45
USW00053151,507731,nan,13.55
USW00053151,507925,nan,16.85
USW00053151,508130,nan,15.7
USW00053151,508327,nan,18.1
USW00053151,508534,nan,18.1
USW00053151,508729,nan,16.7
USW00053151,508917,nan,10.6
USW00053151,509108,nan,11.55
USW00053151,509304,nan,13.8
USW00053151,509512,nan,11.65
USW00053151,509724,nan,12.2
USW00053151,509935,nan,12.399999999999999
USW00053151,510141,nan,12.4
USW00053151,510357,nan,18.45
USW00053151,510573,nan,12.850000000000001
USW00053151,510793,nan,9.850000000000001
USW00053151,510967,nan,9.9
USW00053151,511092,nan,8.7
USW00053151,511272,nan,7.9
USW00053151,511463,nan,10.2
USW00053151,511665,nan,5.85
USW00053151,511872,nan,4.95
USW00053151,512084,nan,10.25
USW00053151,512297,nan,11.350000000000001
USW00053151,512505,nan,14.9
USW00053151,512694,nan,10.95
USW00053151,512891,nan,8.649999999999999
USW00053151,513095,nan,10.7
USW00053151,513301,nan,8.899999999999999
USW00053151,513522,nan,13.35
USW00053151,513734,nan,12.85
USW00053151,513944,nan,11.2
USW00053151,514146,nan,8.55
USW00053151,514317,nan,11.649999999999999
USW00053151,514439,nan,8.0
USW00053151,514627,nan,7.15
USW00053151,514803,nan,10.5
USW00053151,514966,nan,6.05
USW00053151,515143,nan,5.35
USW00053151,515327,nan,5.9
USW00053151,515512,nan,6.800000000000001
USW00053151,515701,nan,7.7
USW00053151,515866,nan,7.9
USW00053151,516000,nan,7.85
USW00053151,516161,nan,2.55
USW00053151,516359,nan,4.35
USW00053151,516551,nan,7.1
USW00053151,516719,nan,8.3
USW00053151,516921,nan,11.4
USW00053151,517089,nan,11.149999999999999
USW00053151,517267,nan,14.9
USW00053151,517471,nan,14.15
USW00053151,517646,nan,10.6
USW00053151,517776,nan,8.850000000000001
USW00053151,517963,nan,12.149999999999999
USW00053151,518175,nan,15.0
USW00053151,518378,nan,13.100000000000001
USW00053151,518560,nan,10.6
USW00053151,518719,nan,10.149999999999999
USW00053151,518916,nan,11.7
USW00053151,519114,nan,13.6
USW00053151,519323,nan,12.15
USW00053151,519514,nan,11.8
USW00053151,519705,nan,10.55
USW00053151,519900,nan,8.65
USW00053151,520090,nan,8.649999999999999
USW00053151,520226,nan,8.6
USW00053151,520399,nan,7.05
USW00053151,520590,nan,6.949999999999999
USW00053151,520792,nan,7.65
USW00053151,520973,nan,8.8
USW00053151,521137,nan,7.75
USW00053151,521286,nan,9.4
USW00053151,521424,nan,10.3
USW00053151,521583,nan,9.55
USW00053151,521769,nan,13.15
USW00053151,521982,nan,18.65
USW00053151,522201,nan,20.05
USW00053151,522399,nan,13.3
USW00053151,522414,nan,13.95
USW00053151,522543,nan,12.05
USW00053151,522700,nan,11.55
USW00053151,522894,nan,13.05
USW00053151,523089,nan,12.1
USW00053151,523231,nan,11.7
USW00053151,523381,nan,7.05
USW00053151,523564,nan,3.55
USW00053151,523758,nan,5.5
USW00053151,523951,nan,9.649999999999999
USW00053151,524136,nan,10.9
USW00053151,524305,nan,11.5
USW00053151,524466,nan,8.95
USW00053151,524667,nan,14.55
USW00053151,524875,nan,18.0
USW00053151,525087,nan,18.0
USW00053151,525272,nan,13.0
USW00053151,525383,nan,12.8
USW00053151,525524,nan,12.2
USW00053151,525687,nan,13.0
USW00053151,525829,nan,11.35
USW00053151,525994,nan,12.4
USW00053151,526152,nan,11.45
USW00053151,526312,nan,10.9
USW00053151,526495,nan,12.350000000000001
USW00053151,526675,nan,13.25
USW00053151,526881,nan,17.95
USW00053151,527090,nan,12.4
USW00053151,527270,nan,10.8
USW00053151,527471,nan,14.7
USW00053151,527690,nan,16.1
USW00053151,527908,nan,17.35
USW00053151,528121,nan,19.0
USW00053151,528332,nan,18.35
USW00053151,528541,nan,14.35
USW00053151,528595,nan,13.6
USW00053151,528737,nan,11.75
USW00053151,528874,nan,13.0
USW00053151,529013,nan,10.350000000000001
USW00053151,529151,nan,10.350000000000001
USW00053151,529335,nan,10.6
USW00053151,529533,nan,11.0
USW00053151,529710,nan,13.649999999999999
USW00053151,529884,nan,12.2
USW00053151,530022,nan,12.1
USW00053151,530189,nan,8.55
USW00053151,530387,nan,9.850000000000001
USW00053151,530516,nan,11.5
USW00053151,530678,nan,10.4
USW00053151,530865,nan,11.75
USW00053151,531053,nan,11.55
USW00053151,531222,nan,12.649999999999999
USW00053151,531375,nan,12.8
USW00053151,531538,nan,10.5
USW00053151,531741,nan,11.9
USW00053151,531935,nan,12.6
USW00053151,532096,nan,12.2
USW00053151,532287,nan,12.9
USW00053151,532456,nan,11.95
USW00053151,532619,nan,10.95
USW00053151,532836,nan,13.2
USW00053151,533038,nan,11.35
USW00053151,533242,nan,10.8
USW00053151,533442,nan,11.55
USW00053151,533633,nan,12.75
USW00053151,533811,nan,10.85
USW00053151,533990,nan,13.7
USW00053151,534188,nan,11.95
USW00053151,534374,nan,12.75
USW00053151,534527,nan,13.3
USW00053151,534678,nan,13.149999999999999
USW00053151,534819,nan,13.3
USW00053151,534867,nan,14.95
USW00053151,534981,nan,13.45
USW00053151,535129,nan,13.95
USW00053151,535307,nan,13.45
USW00053151,535491,nan,13.149999999999999
USW00053151,535531,nan,15.6
USW00053151,535656,nan,13.55
USW00053151,535806,nan,14.05
USW00053151,535973,nan,13.7
USW00053151,536157,nan,14.0
USW00053151,536333,nan,12.149999999999999
USW00053151,536372,nan,13.95
USW00053151,536524,nan,14.7
USW00053151,536579,nan,15.350000000000001
USW00053151,536726,nan,14.9
USW00053151,536907,nan,13.95
USW00053151,537097,nan,13.3
USW00053151,537287,nan,12.7
USW00053151,537332,nan,14.399999999999999
USW00053151,537490,nan,13.8
USW00053151,537697,nan,15.399999999999999
USW00053151,537913,nan,13.85
USW00053151,537981,nan,16.7
USW00053151,538120,nan,13.9
USW00053151,538299,nan,13.95
USW00053151,538510,nan,17.15
USW00053151,538735,nan,19.75
USW00053151,538943,nan,17.1
USW00053151,539152,nan,20.85
USW00053151,539372,nan,21.25
USW00053151,539591,nan,20.950000000000003
USW00053151,539805,nan,20.4
USW00053151,540022,nan,18.65
USW00053151,540226,nan,17.6
USW00053151,540425,nan,15.2
USW00053151,540478,nan,18.15
USW00053151,540609,nan,15.45
USW00053151,540787,nan,15.1
USW00053151,540945,nan,15.75
USW00053151,541120,nan,15.25
USW00053151,541284,nan,15.4
USW00053151,541464,nan,15.75
USW00053151,541650,nan,15.6
USW00053151,541852,nan,15.95
USW00053151,542066,nan,18.65
USW00053151,542272,nan,16.65
USW00053151,542329,nan,17.65
USW00053151,542478,nan,13.55
USW00053151,542534,nan,16.25
USW00053151,542660,nan,15.55
USW00053151,542857,nan,14.55
USW00053151,543053,nan,15.05
USW00053151,543251,nan,18.65
USW00053151,543455,nan,19.3
USW00053151,543641,nan,15.95
USW00053151,543823,nan,14.7
USW00053151,544004,nan,15.850000000000001
USW00053151,544180,nan,17.35
USW00053151,544366,nan,17.25
USW00053151,544552,nan,17.5
USW00053151,544782,nan,20.15
USW00053151,544996,nan,20.95
USW00053151,545218,nan,18.9
USW00053151,545431,nan,16.4
USW00053151,545646,nan,13.9
USW00053151,545689,nan,14.4
USW00053151,545691,nan,15.7
USW00053151,545837,nan,14.95
USW00053151,545889,nan,16.1
USW00053151,546036,nan,13.850000000000001
USW00053151,546092,nan,16.1
USW00053151,546231,nan,14.2
USW00053151,546282,nan,17.05
USW00053151,546412,nan,13.55
USW00053151,546582,nan,15.55
USW00053151,546756,nan,15.7
USW00053151,546935,nan,15.95
USW00053151,547117,nan,15.9
USW00053151,547313,nan,16.0
USW00053151,547515,nan,13.95
USW00053151,547544,nan,14.8
USW00053151,547723,nan,18.1
USW00053151,547942,nan,20.95
USW00053151,548158,nan,14.7
USW00053151,548337,nan,15.0
USW00053151,548514,nan,13.1
USW00053151,548559,nan,14.35
USW00053151,548700,nan,15.35
USW00053151,548744,nan,14.7
USW00053151,548901,nan,18.0
USW00053151,549124,nan,18.049999999999997
USW00053151,549337,nan,21.85
USW00053151,549560,nan,21.9
USW00053151,549779,nan,23.55
USW00053151,549992,nan,24.2
USW00053151,550213,nan,19.6
USW00053151,550427,nan,15.05
USW00053151,550457,nan,15.9
USW00053151,550638,nan,14.75
USW00053151,550829,nan,14.05
USW00053151,550883,nan,16.75
USW00053151,551021,nan,16.200000000000003
USW00053151,551074,nan,15.7
USW00053151,551223,nan,15.05
USW00053151,551449,nan,16.6
USW00053151,551670,nan,19.049999999999997
USW00053151,551892,nan,25.799999999999997
USW00053151,552105,nan,27.6
USW00053151,552310,nan,27.6
USW00053151,552524,nan,19.05
USW00053151,552724,nan,14.9
USW00053151,552894,nan,15.35
USW00053151,553076,nan,14.5
USW00053151,553288,nan,17.5
USW00053151,553489,nan,16.5
USW00053151,553677,nan,14.7
USW00053151,553831,nan,15.850000000000001
USW00053151,553996,nan,15.0
USW00053151,554169,nan,14.8
USW00053151,554373,nan,18.45
USW00053151,554584,nan,19.15
USW00053151,554644,nan,16.200000000000003
USW00053151,554652,nan,19.95
USW00053151,554780,nan,13.8
USW00053151,554982,nan,14.149999999999999
USW00053151,555219,nan,21.25
USW00053151,555433,nan,15.0
USW00053151,555475,nan,18.35
USW00053151,555477,nan,19.35
USW00053151,555580,nan,15.2
USW00053151,555734,nan,15.0
USW00053151,555916,nan,16.0
USW00053151,556127,nan,17.0
USW00053151,556309,nan,18.1
USW00053151,556374,nan,19.1
USW00053151,556522,nan,14.0
USW00053151,556750,nan,20.25
USW00053151,556960,nan,20.1
USW00053151,557171,nan,19.75
USW00053151,557388,nan,13.6
USW00053151,557535,nan,12.7
USW00053151,557657,nan,11.149999999999999
USW00053151,557848,nan,10.649999999999999
USW00053151,558054,nan,13.649999999999999
USW00053151,558247,nan,16.3
USW00053151,558456,nan,17.45
USW00053151,558654,nan,16.7
USW00053151,558859,nan,20.799999999999997
USW00053151,559077,nan,24.9
USW00053151,559292,nan,22.0
USW00053151,559495,nan,13.7
USW00053151,559546,nan,14.2
USW00053151,559693,nan,12.9
USW00053151,559746,nan,17.15
USW00053151,559891,nan,19.1
USW00053151,560104,nan,11.850000000000001
USW00053151,560192,nan,15.3
USW00053151,560310,nan,13.85
USW00053151,560366,nan,14.25
USW00053151,560468,nan,12.95
USW00053151,560620,nan,14.4
USW00053151,560795,nan,16.0
USW00053151,561001,nan,20.65
USW00053151,561203,nan,12.05
USW00053151,561354,nan,13.649999999999999
USW00053151,561480,nan,13.3
USW00053151,561657,nan,11.55
USW00053151,561860,nan,13.95
USW00053151,562075,nan,15.350000000000001
USW00053151,562281,nan,17.200000000000003
USW00053151,562492,nan,17.75
USW00053151,562692,nan,16.85
USW00053151,562904,nan,18.65
USW00053151,563092,nan,15.65
USW00053151,563259,nan,13.850000000000001
USW00053151,563389,nan,6.9
USW00053151,563585,nan,8.95
USW00053151,563757,nan,7.7
USW00053151,563957,nan,8.05
USW00053151,564152,nan,9.850000000000001
USW00053151,564355,nan,15.5
USW00053151,564528,nan,16.1
USW00053151,564714,nan,14.5
USW00053151,564898,nan,12.55
USW00053151,565102,nan,12.95
USW00053151,565265,nan,12.2
USW00053151,565418,nan,11.649999999999999
USW00053151,565598,nan,14.5
USW00053151,565780,nan,10.4
USW00053151,565897,nan,11.149999999999999
USW00053151,566053,nan,8.95
USW00053151,566209,nan,9.850000000000001
USW00053151,566397,nan,8.05
USW00053151,566601,nan,12.3
USW00053151,566797,nan,10.8
USW00053151,566953,nan,8.3
USW00053151,567146,nan,11.1
USW00053151,567351,nan,18.35
USW00053151,567557,nan,16.299999999999997
USW00053151,567772,nan,16.3
USW00053151,567980,nan,15.600000000000001
USW00053151,568166,nan,10.0
USW00053151,568337,nan,8.4
USW00053151,568518,nan,9.7
USW00053151,568717,nan,6.050000000000001
USW00053151,568914,nan,5.85
USW00053151,569107,nan,8.600000000000001
USW00053151,569299,nan,7.1
USW00053151,569512,nan,8.850000000000001
USW00053151,569722,nan,9.2
USW00053151,569933,nan,11.9
USW00053151,570148,nan,8.95
USW00053151,570338,nan,8.850000000000001
USW00053151,570477,nan,6.8
USW00053151,570631,nan,8.1
USW00053151,570803,nan,7.15
USW00053151,570966,nan,6.65
USW00053151,571160,nan,10.3
USW00053151,571339,nan,9.85
USW00053151,571509,nan,9.2
USW00053151,571652,nan,9.1
USW00053151,571835,nan,8.25
USW00053151,572015,nan,9.95
USW00053151,572214,nan,6.199999999999999
USW00053151,572435,nan,10.850000000000001
USW00053151,572657,nan,11.350000000000001
USW00053151,572882,nan,11.85
USW00053151,573084,nan,10.7
USW00053151,573286,nan,10.850000000000001
USW00053151,573498,nan,12.8
USW00053151,573714,nan,14.75
USW00053151,573914,nan,14.25
USW00053152,574100,nan,4.5
USW00053152,574151,nan,7.5
USW00053152,574178,nan,10.0
USW00053152,574254,nan,12.2
USW00053152,574387,nan,8.5
USW00053152,574535,nan,5.3
USW00053152,574722,nan,4.45
USW00053152,574929,nan,5.0
USW00053152,575149,nan,10.8
USW00053152,575345,nan,6.75
USW00053152,575551,nan,4.699999999999999
USW00053152,575743,nan,3.8
USW00053152,575938,nan,8.2
USW00053152,576116,nan,6.5
USW00053152,576312,nan,7.0
USW00053152,576399,nan,11.15
USW00053152,576404,nan,13.45
USW00053152,576499,nan,11.65
USW00053152,576542,nan,15.35
USW00053152,576589,nan,13.75
USW00053152,576778,nan,8.1
USW00053152,576789,nan,8.0
USW00053152,576978,nan,12.45
USW00053152,576988,nan,13.3
USW00053152,577002,nan,14.15
USW00053152,577249,nan,17.85
USW00053152,577288,nan,15.75
USW00053152,577486,nan,13.149999999999999
USW00053152,577503,nan,11.95
USW00053152,577704,nan,10.05
USW00053152,577719,nan,9.55
USW00053152,577732,nan,10.9
USW00053152,577772,nan,11.100000000000001
USW00053152,577901,nan,12.25
USW00053152,577960,nan,9.5
USW00053152,578100,nan,7.9
USW00053152,578309,nan,7.5
USW00053152,578502,nan,8.45
USW00053152,578723,nan,10.4
USW00053152,578943,nan,7.25
USW00053152,579149,nan,7.199999999999999
USW00053152,579376,nan,8.55
USW00053152,579588,nan,9.75
USW00053152,579801,nan,8.2
USW00053152,580007,nan,9.7
USW00053152,580177,nan,9.899999999999999
USW00053152,580407,nan,9.0
USW00053152,580607,nan,8.05
USW00053152,580665,nan,4.15
USW00053152,580810,nan,8.9
USW00053152,581009,nan,6.449999999999999
USW00053152,581199,nan,7.2
USW00053152,581382,nan,11.350000000000001
USW00053152,581594,nan,10.85
USW00053152,581793,nan,8.55
USW00053152,581993,nan,8.8
USW00053152,582009,nan,6.699999999999999
USW00053152,582189,nan,5.45
USW00053152,582402,nan,5.15
USW00053152,582618,nan,6.1
USW00053152,582827,nan,6.05
USW00053152,583037,nan,6.800000000000001
USW00053152,583205,nan,12.05
USW00053152,583328,nan,12.4
USW00053152,583482,nan,4.85
USW00053152,583637,nan,11.649999999999999
USW00053152,583768,nan,10.1
USW00053152,583947,nan,4.2
USW00053152,584135,nan,5.2
USW00053152,584313,nan,6.5
USW00053152,584490,nan,6.0
USW00053152,584685,nan,8.8
USW00053152,584882,nan,7.9
USW00053152,585028,nan,8.3
USW00053152,585220,nan,4.65
USW00053152,585429,nan,3.95
USW00053152,585561,nan,4.25
USW00053152,585748,nan,8.2
USW00053152,585867,nan,11.2
USW00053152,586009,nan,11.8
USW00053152,586088,nan,15.3
USW00053152,586214,nan,9.8
USW00053152,586410,nan,9.4
USW00053152,586567,nan,11.9
USW00053152,586720,nan,11.85
USW00053152,586941,nan,8.899999999999999
USW00053152,587149,nan,8.75
USW00053152,587374,nan,10.25
USW00053152,587584,nan,9.85
USW00053152,587770,nan,9.149999999999999
USW00053152,587968,nan,11.6
USW00053152,588188,nan,13.1
USW00053152,588414,nan,14.2
USW00053152,588609,nan,16.25
USW00053152,588821,nan,11.45
USW00053152,588985,nan,11.350000000000001
USW00053152,589120,nan,10.2
USW00053152,589232,nan,7.35
USW00053152,589408,nan,6.35
USW00053152,589591,nan,7.85
USW00053152,589754,nan,5.4
USW00053152,589898,nan,11.850000000000001
USW00053152,590046,nan,10.100000000000001
USW00053152,590204,nan,11.649999999999999
USW00053152,590257,nan,13.15
USW00053152,590376,nan,10.95
USW00053152,590579,nan,9.2
USW00053152,590794,nan,16.5
USW00053152,591000,nan,13.25
USW00053152,591214,nan,13.9
USW00053152,591410,nan,12.75
USW00053152,591500,nan,13.350000000000001
USW00053152,591646,nan,9.2
USW00053152,591836,nan,9.9
USW00053152,592016,nan,11.7
USW00053152,592189,nan,9.600000000000001
USW00053152,592394,nan,7.300000000000001
USW00053152,592589,nan,3.75
USW00053152,592776,nan,8.0
USW00053152,592977,nan,9.35
USW00053152,593170,nan,11.8
USW00053152,593372,nan,9.8
USW00053152,593579,nan,9.25
USW00053152,593820,nan,13.85
USW00053152,594050,nan,22.25
USW00053152,594274,nan,24.65
USW00053152,594461,nan,13.5
USW00053152,594609,nan,14.3
USW00053152,594773,nan,12.649999999999999
USW00053152,594917,nan,11.6
USW00053152,595096,nan,12.5
USW00053152,595279,nan,12.3
USW00053152,595446,nan,12.9
USW00053152,595629,nan,11.100000000000001
USW00053152,595830,nan,12.350000000000001
USW00053152,596042,nan,17.85
USW00053152,596272,nan,11.8
USW00053152,596480,nan,11.45
USW00053152,596682,nan,17.7
USW00053152,596896,nan,13.45
USW00053152,597109,nan,13.0
USW00053152,597334,nan,13.75
USW00053152,597558,nan,13.1
USW00053152,597768,nan,13.2
USW00053152,597923,nan,11.850000000000001
USW00053152,598049,nan,13.1
USW00053152,598194,nan,11.350000000000001
USW00053152,598392,nan,11.0
USW00053152,598579,nan,10.649999999999999
USW00053152,598794,nan,12.9
USW00053152,598965,nan,11.149999999999999
USW00053152,599146,nan,13.05
USW00053152,599320,nan,11.85
USW00053152,599482,nan,11.55
USW00053152,599668,nan,7.550000000000001
USW00053152,599858,nan,9.45
USW00053152,600000,nan,10.95
USW00053152,600148,nan,11.7
USW00053152,600338,nan,10.3
USW00053152,600499,nan,11.7
USW00053152,600689,nan,11.3
USW00053152,600894,nan,11.3
USW00053152,601104,nan,10.8
USW00053152,601300,nan,10.55
USW00053152,601486,nan,13.65
USW00053152,601701,nan,14.35
USW00053152,601914,nan,12.7
USW00053152,602117,nan,11.6
USW00053152,602293,nan,11.1
USW00053152,602509,nan,8.65
USW00053152,602711,nan,12.399999999999999
USW00053152,602913,nan,12.55
USW00053152,603153,nan,11.45
USW00053152,603359,nan,11.0
USW00053152,603494,nan,12.350000000000001
USW00053152,603632,nan,12.149999999999999
USW00053152,603791,nan,12.05
USW00053152,603972,nan,12.7
USW00053152,604155,nan,11.45
USW00053152,604334,nan,13.0
USW00053152,604497,nan,11.3
USW00053152,604678,nan,12.0
USW00053152,604859,nan,11.45
USW00053152,605033,nan,14.05
USW00053152,605166,nan,12.9
USW00053152,605309,nan,13.2
USW00053152,605441,nan,14.4
USW00053152,605593,nan,12.25
USW00053152,605758,nan,11.8
USW00053152,605909,nan,12.75
USW00053152,606048,nan,13.649999999999999
USW00053152,606128,nan,17.950000000000003
USW00053152,606171,nan,13.6
USW00053152,606297,nan,13.2
USW00053152,606417,nan,14.05
USW00053152,606561,nan,12.45
USW00053152,606728,nan,12.45
USW00053152,606905,nan,14.649999999999999
USW00053152,607072,nan,15.8
USW00053152,607242,nan,13.95
USW00053152,607424,nan,13.899999999999999
USW00053152,607617,nan,14.6
USW00053152,607786,nan,16.85
USW00053152,607958,nan,15.05
USW00053152,608004,nan,16.9
USW00053152,608097,nan,16.55
USW00053152,608235,nan,17.75
USW00053152,608410,nan,17.6
USW00053152,608578,nan,16.95
USW00053152,608726,nan,18.4
USW00053152,608879,nan,16.4
USW00053152,609015,nan,15.7
USW00053152,609199,nan,14.600000000000001
USW00053152,609358,nan,15.1
USW00053152,609535,nan,15.05
USW00053152,609707,nan,14.1
USW00053152,609897,nan,14.1
USW00053152,610081,nan,14.1
USW00053152,610258,nan,14.55
USW00053152,610433,nan,16.8
USW00053152,610625,nan,16.65
USW00053152,610814,nan,15.9
USW00053152,610970,nan,15.05
USW00053152,611098,nan,15.149999999999999
USW00053152,611230,nan,14.0
USW00053152,611373,nan,15.1
USW00053152,611534,nan,15.65
USW00053152,611706,nan,16.35
USW00053152,611870,nan,16.1
USW00053152,612045,nan,15.6
USW00053152,612193,nan,16.15
USW00053152,612309,nan,13.9
USW00053152,612477,nan,14.2
USW00053152,612656,nan,14.45
USW00053152,612836,nan,14.7
USW00053152,613027,nan,14.1
USW00053152,613215,nan,13.25
USW00053152,613410,nan,15.05
USW00053152,613585,nan,14.65
USW00053152,613734,nan,13.75
USW00053152,613876,nan,15.95
USW00053152,613999,nan,15.3
USW00053152,614122,nan,14.55
USW00053152,614253,nan,14.4
USW00053152,614388,nan,13.45
USW00053152,614527,nan,14.9
USW00053152,614648,nan,14.45
USW00053152,614765,nan,15.25
USW00053152,614900,nan,15.3
USW00053152,615063,nan,14.9
USW00053152,615250,nan,15.75
USW00053152,615445,nan,15.4
USW00053152,615620,nan,15.3
USW00053152,615793,nan,13.4
USW00053152,615961,nan,16.35
USW00053152,616133,nan,16.0
USW00053152,616296,nan,15.9
USW00053152,616490,nan,16.799999999999997
USW00053152,616680,nan,16.9
USW00053152,616868,nan,16.9
USW00053152,617047,nan,16.4
USW00053152,617224,nan,15.1
USW00053152,617399,nan,14.5
USW00053152,617585,nan,13.0
USW00053152,617767,nan,13.75
USW00053152,617902,nan,13.0
USW00053152,618048,nan,12.8
USW00053152,618184,nan,12.7
USW00053152,618253,nan,14.4
USW00053152,618367,nan,12.7
USW00053152,618554,nan,13.350000000000001
USW00053152,618743,nan,14.899999999999999
USW00053152,618938,nan,15.9
USW00053152,619147,nan,14.75
USW00053152,619332,nan,14.25
USW00053152,619446,nan,17.6
USW00053152,619590,nan,12.75
USW00053152,619782,nan,15.15
USW00053152,619970,nan,15.95
USW00053152,620089,nan,15.850000000000001
USW00053152,620221,nan,14.5
USW00053152,620344,nan,16.05
USW00053152,620487,nan,12.350000000000001
USW00053152,620670,nan,14.6
USW00053152,620713,nan,15.9
USW00053152,620777,nan,14.3
USW00053152,620879,nan,15.2
USW00053152,620992,nan,14.850000000000001
USW00053152,621092,nan,14.3
USW00053152,621131,nan,17.55
USW00053152,621223,nan,15.95
USW00053152,621320,nan,16.25
USW00053152,621481,nan,13.3
USW00053152,621675,nan,13.6
USW00053152,621859,nan,17.5
USW00053152,621962,nan,16.65
USW00053152,622093,nan,15.05
USW00053152,622254,nan,13.600000000000001
USW00053152,622445,nan,15.2
USW00053152,622634,nan,16.0
USW00053152,622817,nan,15.149999999999999
USW00053152,622972,nan,15.05
USW00053152,623128,nan,13.95
USW00053152,623301,nan,14.65
USW00053152,623523,nan,11.9
USW00053152,623724,nan,12.05
USW00053152,623925,nan,12.850000000000001
USW00053152,623999,nan,15.2
USW00053152,624111,nan,14.75
USW00053152,624321,nan,14.6
USW00053152,624538,nan,15.85
USW00053152,624749,nan,14.850000000000001
USW00053152,624937,nan,15.649999999999999
USW00053152,625084,nan,12.0
USW00053152,625272,nan,13.65
USW00053152,625430,nan,14.4
USW00053152,625550,nan,13.9
USW00053152,625602,nan,16.75
USW00053152,625700,nan,14.4
USW00053152,625779,nan,15.05
USW00053152,625873,nan,14.2
USW00053152,625995,nan,13.4
USW00053152,626099,nan,13.95
USW00053152,626197,nan,16.15
USW00053152,626327,nan,11.3
USW00053152,626514,nan,10.649999999999999
USW00053152,626719,nan,9.15
USW00053152,626926,nan,9.65
USW00053152,627134,nan,11.1
USW00053152,627344,nan,9.95
USW00053152,627474,nan,12.6
USW00053152,627636,nan,12.5
USW00053152,627838,nan,9.45
USW00053152,628022,nan,14.75
USW00053152,628213,nan,11.649999999999999
USW00053152,628417,nan,9.25
USW00053152,628603,nan,9.55
USW00053152,628819,nan,6.65
USW00053152,629004,nan,6.65
USW00053152,629230,nan,8.55
USW00053152,629430,nan,12.05
USW00053152,629606,nan,12.85
USW00053152,629755,nan,13.25
USW00053152,629946,nan,10.7
USW00053152,630141,nan,10.05
USW00053152,630319,nan,8.7
USW00053152,630479,nan,8.350000000000001
USW00053152,630664,nan,9.6
USW00053152,630861,nan,11.5
USW00053152,631067,nan,8.6
USW00053152,631215,nan,8.2
USW00053152,631398,nan,7.1
USW00053152,631576,nan,7.65
USW00053152,631757,nan,11.45
USW00053152,631924,nan,9.85
USW00053152,632112,nan,8.6
USW00053152,632321,nan,9.35
USW00053152,632536,nan,8.649999999999999
USW00053152,632732,nan,9.0
USW00053152,632932,nan,8.649999999999999
USW00053152,633133,nan,12.55
USW00053152,633335,nan,8.75
USW00053152,633557,nan,5.35
USW00053152,633761,nan,4.8
USW00053152,633974,nan,5.1
USW00053152,634174,nan,4.75
USW00053152,634371,nan,4.05
USW00053152,634565,nan,4.9
USW00053152,634770,nan,4.4
USW00053152,634953,nan,6.6
USW00053152,635152,nan,5.949999999999999
USW00053152,635337,nan,9.55
USW00053152,635480,nan,9.149999999999999
USW00053152,635642,nan,5.75
USW00053152,635830,nan,5.4
USW00053152,636040,nan,9.15
USW00053152,636265,nan,7.35
USW00053152,636484,nan,11.55
USW00053152,636685,nan,6.7
USW00053152,636867,nan,6.4
USW00053152,637054,nan,7.1
USW00053152,637241,nan,8.5
USW00053152,637432,nan,5.2
USW00053152,637617,nan,4.0
USW00053152,637826,nan,4.449999999999999
USW00053152,638031,nan,4.85
USW00053152,638238,nan,5.55
USW00053152,638432,nan,5.4
USW00053152,638629,nan,7.199999999999999
USW00053152,638828,nan,7.5
USW00053152,639023,nan,7.449999999999999
USW00053175,646580,nan,29.0
USW00053175,648183,nan,6.0
USW00053175,648198,nan,18.5
USW00093104,650066,nan,16.7
USW00093104,655841,nan,21.1
USW00093104,657391,nan,24.7
USW00093107,666732,nan,12.5
USW00093107,671160,nan,18.0
USW00093107,673633,nan,21.0
USW00093107,674411,nan,17.2
USW00093110,684211,nan,14.45
USW00093110,687151,nan,20.85
USW00093111,698229,nan,16.2
USW00093111,699802,nan,16.6
USW00093112,708985,nan,20.0
USW00093115,713451,nan,13.600000000000001
USW00093115,713478,nan,5.0
USW00093115,713480,nan,18.6
USW00093115,713482,nan,42.8
USW00093115,713484,nan,41.150000000000006
USW00093115,713486,nan,48.1
USW00093115,713488,nan,49.45
USW00093115,713490,nan,47.2
USW00093115,713496,nan,21.35
USW00093115,713552,nan,20.05
USW00093115,713732,nan,-11.7
USW00093115,713743,nan,9.75
USW00093115,713790,nan,-11.85
USW00093115,713908,nan,-11.7
USW00093115,714779,nan,16.0
USW00093115,714781,nan,16.0
USW00093115,714785,nan,16.0
USW00093115,714787,nan,16.5
USW00093115,714887,nan,11.6
USW00093115,715052,nan,10.55
USW00093115,715139,nan,12.2
USW00093115,725472,nan,18.9
USW00093116,731106,nan,12.65
USW00093116,733836,nan,15.3
USW00093116,735862,nan,13.65
USW00093116,735978,nan,16.05
USW00093116,736105,nan,13.15
USW00093116,736191,nan,15.1
USW00093116,736193,nan,15.0
USW00093121,747616,nan,3.85
USW00093121,748476,nan,17.15
USW00093121,748482,nan,14.0
USW00093121,751183,nan,38.349999999999994
USW00093121,751539,nan,38.75
USW00093121,751549,nan,27.5
USW00093121,751697,nan,23.049999999999997
USW00093134,756488,nan,9.7
USW00093134,756644,nan,10.85
USW00093134,761882,nan,32.8
USW00093134,762669,nan,15.0
USW00093138,778028,nan,20.85
USW00093138,783695,nan,30.799999999999997
USW00093144,791937,nan,12.0
USW00093144,793251,nan,22.0
USW00093144,793572,nan,24.0
USW00093144,797232,nan,26.5
USW00093144,797288,nan,28.5
USW00093144,797324,nan,34.0
USW00093144,797328,nan,33.0
USW00093144,797338,nan,26.5
USW00093144,797341,nan,25.0
USW00093144,797343,nan,23.5
USW00093144,797345,nan,23.0
USW00093144,800257,nan,19.5
USW00093144,800302,nan,14.0
USW00093144,800821,nan,13.5
USW00093144,800928,nan,12.0
USW00093144,800931,nan,11.0
USW00093144,801026,nan,14.0
USW00093144,801053,nan,5.0
USW00093144,801111,nan,8.0
USW00093144,801116,nan,8.5
USW00093144,801119,nan,9.0
USW00093144,801131,nan,8.5
USW00093144,801134,nan,7.5
USW00093144,801136,nan,6.5
USW00093144,801143,nan,5.0
USW00093144,801145,nan,4.5
USW00093144,801153,nan,4.0
USW00093144,801155,nan,4.5
USW00093144,801158,nan,5.0
USW00093144,801507,nan,7.0
USW00093193,813776,nan,4.0
USW00093193,817662,nan,16.0
USW00093193,817667,nan,16.3
USW00093193,818454,nan,38.95
USW00093194,823612,nan,0.0
USW00093194,823786,nan,5.0
USW00093194,823886,nan,14.0
USW00093194,823960,nan,11.0
USW00093194,823992,nan,8.5
USW00093194,824004,nan,1.5
USW00093194,824057,nan,3.0
USW00093194,824063,nan,8.5
USW00093194,824278,nan,15.0
USW00093194,824286,nan,17.5
USW00093194,824610,nan,23.5
USW00093194,824901,nan,23.0
USW00093194,825053,nan,34.0
USW00093194,825538,nan,26.5
USW00093194,825578,nan,32.0
USW00093194,825818,nan,24.5
USW00093194,825845,nan,25.5
USW00093194,825907,nan,19.0
USW00093194,825910,nan,21.0
USW00093194,826024,nan,10.0
USW00093197,827735,nan,13.95
USW00093201,838626,nan,-4.0
USW00093201,839899,nan,0.0
USW00093201,848546,nan,1.5
USW00093201,849004,nan,9.5
USW00093203,852828,nan,8.5
USW00093203,854722,nan,9.0
USW00093203,854752,nan,12.0
USW00093203,854785,nan,12.5
USW00093203,854815,nan,10.5
USW00093203,854854,nan,2.5
USW00093203,854881,nan,9.0
USW00093203,854910,nan,5.0
USW00093203,854968,nan,6.0
USW00093203,854970,nan,6.5
USW00093203,854994,nan,7.0
USW00093203,855077,nan,7.0
USW00093203,855103,nan,7.0
USW00093203,855133,nan,8.0
USW00093203,855163,nan,8.0
USW00093203,855204,nan,6.5
USW00093203,855318,nan,11.5
USW00093203,855355,nan,15.0
USW00093203,855390,nan,6.5
USW00093203,855430,nan,8.0
USW00093203,855478,nan,10.0
USW00093203,855554,nan,5.0
USW00093203,855588,nan,3.0
USW00093203,855626,nan,2.0
USW00093203,855656,nan,7.0
USW00093203,855689,nan,9.0
USW00093203,855832,nan,12.0
USW00093203,855872,nan,9.5
USW00093203,855908,nan,14.5
USW00093203,855940,nan,14.0
USW00093203,855964,nan,13.0
USW00093203,855995,nan,13.5
USW00093203,856064,nan,7.5
USW00093203,856125,nan,13.0
USW00093203,856156,nan,12.0
USW00093203,856190,nan,5.0
USW00093203,856300,nan,6.0
USW00093203,856340,nan,4.5
USW00093203,856373,nan,4.5
USW00093203,856414,nan,10.0
USW00093203,856459,nan,10.5
USW00093203,856583,nan,16.0
USW00093203,856653,nan,12.0
USW00093203,856686,nan,8.0
USW00093203,856794,nan,11.0
USW00093203,856834,nan,12.0
USW00093203,856875,nan,10.0
USW00093203,856910,nan,7.0
USW00093203,856940,nan,7.0
USW00093203,856964,nan,9.0
USW00093203,856992,nan,9.0
USW00093203,857108,nan,15.0
USW00093203,857145,nan,14.0
USW00093203,857180,nan,12.0
USW00093203,857214,nan,10.0
USW00093203,857248,nan,11.0
USW00093203,857276,nan,10.0
USW00093203,857308,nan,13.0
USW00093203,857370,nan,8.5
USW00093203,857408,nan,9.5
USW00093203,857437,nan,12.0
USW00093203,857533,nan,8.5
USW00093203,857597,nan,13.0
USW00093203,857630,nan,13.5
USW00093203,857666,nan,11.5
USW00093203,857780,nan,18.0
USW00093203,857817,nan,15.0
USW00093203,857851,nan,14.0
USW00093203,857884,nan,18.5
USW00093203,857919,nan,18.5
USW00093203,858041,nan,14.0
USW00093203,858082,nan,18.0
USW00093203,858119,nan,19.5
USW00093203,858161,nan,19.0
USW00093203,858202,nan,20.0
USW00093203,858914,nan,25.0
USW00093203,860262,nan,26.0
USW00093203,862091,nan,28.0
USW00093203,863370,nan,3.5
USW00093205,866330,nan,6.95
USW00093205,870580,nan,33.65
USW00093209,893159,nan,11.95
USW00093209,893187,nan,7.25
USW00093209,897841,nan,26.4
USW00093210,904162,nan,13.05
USW00093210,908998,nan,27.25
USW00093210,911258,nan,13.35
USW00093214,918878,nan,12.95
USW00093214,920506,nan,15.850000000000001
USW00093214,925286,nan,14.5
USW00093214,930108,nan,23.9
USW00093216,934297,nan,20.0
USW00093216,939909,nan,31.0
USW00093225,947827,nan,3.95
USW00093225,947947,nan,-1.1
USW00093225,948102,nan,9.2
USW00093225,948380,nan,2.65
USW00093225,948503,nan,6.05
USW00093225,948611,nan,2.8
USW00093225,948670,nan,1.4
USW00093225,949492,nan,10.8
USW00093225,949501,nan,7.1
USW00093225,949612,nan,4.75
USW00093225,950172,nan,12.5
USW00093225,953093,nan,29.35
USW00093225,954846,nan,7.1
USW00093225,954905,nan,9.45
USW00093225,955545,nan,1.85
USW00093225,955762,nan,8.95
USW00093225,955772,nan,8.95
USW00093225,956191,nan,10.0
USW00093225,956547,nan,-0.8500000000000001
USW00093225,956724,nan,1.05
USW00093225,956730,nan,-0.8500000000000001
USW00093225,956733,nan,-1.55
USW00093225,956762,nan,1.85
USW00093225,956791,nan,3.2
USW00093225,956940,nan,-2.5
USW00093227,957273,nan,6.65
USW00093227,957278,nan,6.1
USW00093227,960185,nan,13.9
USW00093227,963571,nan,17.25
USW00093227,967066,nan,13.05
USW00093228,977136,nan,11.95
USW00093230,981676,nan,13.600000000000001
USW00093230,981863,nan,-0.3
USW00093230,982260,nan,15.85
USW00093230,985177,nan,17.5
USW00093231,990098,nan,15.5
USW00093231,992518,nan,12.5
USW00093231,994002,nan,9.0
USW00093232,994543,nan,9.0
USW00093232,995446,nan,15.0
USW00093232,995452,nan,11.5
USW00093232,995642,nan,9.5
USW00093232,995865,nan,9.5
USW00093232,996253,nan,20.5
USW00093232,996894,nan,18.5
USW00093232,997214,nan,30.5
USW00093232,997957,nan,18.5
USW00093232,998292,nan,21.5
USW00093232,999233,nan,11.5
USW00093241,1001327,nan,13.05
USW00093241,1002376,nan,18.9
USW00093241,1008754,nan,11.350000000000001
USW00093242,1010993,nan,9.2
USW00093242,1017199,nan,11.15
USW00093243,1018920,nan,4.95
USW00093243,1019054,nan,6.5
USW00093243,1019179,nan,5.5
USW00093243,1019372,nan,2.5
USW00093243,1019532,nan,4.7
USW00093243,1019650,nan,5.0
USW00093243,1019728,nan,3.95
USW00093243,1019802,nan,3.4
USW00093243,1019880,nan,3.6500000000000004
USW00093243,1019990,nan,-0.75
USW00093243,1020192,nan,2.35
USW00093243,1020341,nan,5.9
USW00093243,1020527,nan,3.4499999999999997
USW00093243,1020739,nan,8.75
USW00093243,1020893,nan,4.9
USW00093243,1021035,nan,9.0
USW00093243,1021131,nan,9.6
USW00093243,1021215,nan,9.2
USW00093243,1021385,nan,4.55
USW00093243,1021574,nan,3.6500000000000004
USW00093243,1021777,nan,3.2
USW00093243,1021983,nan,3.8
USW00093243,1022181,nan,6.95
USW00093243,1022340,nan,4.65
USW00093243,1022445,nan,10.45
USW00093243,1022561,nan,4.449999999999999
USW00093243,1022680,nan,7.0
USW00093243,1022790,nan,6.5
USW00093243,1022900,nan,5.6
USW00093243,1022998,nan,4.8
USW00093243,1023096,nan,6.3
USW00093243,1023236,nan,5.55
USW00093243,1023441,nan,3.0
USW00093243,1023660,nan,2.3
USW00093243,1023880,nan,2.3
USW00093243,1023969,nan,7.0
USW00093243,1023972,nan,8.600000000000001
USW00093243,1024098,nan,4.3
USW00093243,1024310,nan,4.5
USW00093243,1024397,nan,9.0
USW00093243,1024517,nan,7.15
USW00093243,1024728,nan,7.55
USW00093243,1024951,nan,11.7
USW00093243,1025150,nan,2.4000000000000004
USW00093243,1025379,nan,3.75
USW00093243,1025464,nan,6.75
USW00093243,1025598,nan,3.7
USW00093243,1025677,nan,7.45
USW00093243,1025805,nan,3.05
USW00093243,1026030,nan,3.8
USW00093243,1026269,nan,9.9
USW00093243,1026473,nan,8.3
USW00093243,1026667,nan,11.4
USW00093243,1026865,nan,5.25
USW00093243,1027020,nan,6.5
USW00093243,1027113,nan,5.15
USW00093243,1027262,nan,5.55
USW00093243,1027464,nan,7.45
USW00093243,1027657,nan,2.1500000000000004
USW00093243,1027865,nan,3.4000000000000004
USW00093243,1028074,nan,4.65
USW00093243,1028248,nan,8.3
USW00093243,1028402,nan,4.35
USW00093243,1028611,nan,1.1
USW00093243,1028827,nan,1.65
USW00093243,1029035,nan,3.25
USW00093243,1029246,nan,9.25
USW00093243,1029427,nan,9.75
USW00093243,1029642,nan,6.35
USW00093243,1029854,nan,7.95
USW00093243,1030058,nan,12.649999999999999
USW00093243,1030193,nan,12.2
USW00093243,1030398,nan,10.15
USW00093243,1030597,nan,8.7
USW00093243,1030808,nan,7.25
USW00093243,1031023,nan,8.35
USW00093243,1031229,nan,4.15
USW00093243,1031311,nan,8.7
USW00093243,1031455,nan,6.35
USW00093243,1031641,nan,13.3
USW00093243,1031846,nan,10.75
USW00093243,1032042,nan,12.7
USW00093243,1032219,nan,5.85
USW00093243,1032434,nan,5.5
USW00093243,1032623,nan,5.35
USW00093243,1032768,nan,9.649999999999999
USW00093243,1032883,nan,6.65
USW00093243,1033074,nan,3.85
USW00093243,1033266,nan,9.1
USW00093243,1033412,nan,7.35
USW00093243,1033560,nan,6.050000000000001
USW00093243,1033733,nan,10.05
USW00093243,1033904,nan,6.05
USW00093243,1033990,nan,9.149999999999999
USW00093243,1034117,nan,10.4
USW00093243,1034309,nan,6.55
USW00093243,1034525,nan,11.4
USW00093243,1034741,nan,11.850000000000001
USW00093243,1034943,nan,12.15
USW00093243,1035019,nan,15.600000000000001
USW00093243,1035151,nan,15.3
USW00093243,1035359,nan,9.5
USW00093243,1035544,nan,8.2
USW00093243,1035768,nan,10.85
USW00093243,1035997,nan,11.05
USW00093243,1036211,nan,9.05
USW00093243,1036417,nan,3.9
USW00093243,1036641,nan,3.9
USW00093243,1036863,nan,4.199999999999999
USW00093243,1037085,nan,6.2
USW00093243,1037297,nan,7.449999999999999
USW00093243,1037520,nan,6.35
USW00093243,1037740,nan,2.45
USW00093243,1037967,nan,6.9
USW00093243,1038190,nan,11.5
USW00093243,1038418,nan,12.1
USW00093243,1038485,nan,14.7
USW00093243,1038638,nan,12.3
USW00093243,1038841,nan,13.850000000000001
USW00093243,1039036,nan,12.2
USW00093243,1039240,nan,14.05
USW00093243,1039456,nan,7.95
USW00093243,1039666,nan,8.7
USW00093243,1039892,nan,10.5
USW00093243,1040123,nan,8.15
USW00093243,1040352,nan,6.550000000000001
USW00093243,1040579,nan,7.6
USW00093243,1040803,nan,10.5
USW00093243,1041045,nan,7.1
USW00093243,1041246,nan,13.05
USW00093243,1041437,nan,8.15
USW00093243,1041672,nan,9.8
USW00093243,1041910,nan,11.850000000000001
USW00093243,1042137,nan,11.7
USW00093243,1042361,nan,13.45
USW00093243,1042589,nan,15.7
USW00093243,1042825,nan,7.5
USW00093243,1043046,nan,13.45
USW00093243,1043241,nan,6.45
USW00093243,1043476,nan,13.5
USW00093243,1043708,nan,8.5
USW00093243,1043948,nan,10.0
USW00093243,1044165,nan,9.850000000000001
USW00093243,1044394,nan,8.2
USW00093243,1044601,nan,8.95
USW00093243,1044803,nan,4.65
USW00093243,1045008,nan,10.0
USW00093243,1045162,nan,9.850000000000001
USW00093243,1045349,nan,6.45
USW00093243,1045568,nan,9.350000000000001
USW00093243,1045776,nan,10.649999999999999
USW00093243,1046004,nan,9.899999999999999
USW00093243,1046231,nan,10.7
USW00093243,1046431,nan,10.55
USW00093243,1046663,nan,8.9
USW00093243,1046882,nan,6.95
USW00093243,1047108,nan,9.55
USW00093243,1047338,nan,9.25
USW00093243,1047552,nan,8.4
USW00093243,1047763,nan,12.0
USW00093243,1047994,nan,7.75
USW00093243,1048222,nan,11.2
USW00093243,1048449,nan,5.5
USW00093243,1048681,nan,7.699999999999999
USW00093243,1048876,nan,13.600000000000001
USW00093243,1049038,nan,13.100000000000001
USW00093243,1049213,nan,13.350000000000001
USW00093243,1049411,nan,11.899999999999999
USW00093243,1049613,nan,12.8
USW00093243,1049840,nan,11.45
USW00093243,1050067,nan,13.55
USW00093243,1050289,nan,11.100000000000001
USW00093243,1050516,nan,12.25
USW00093243,1050733,nan,13.7
USW00093243,1050963,nan,17.549999999999997
USW00093243,1051188,nan,18.5
USW00093243,1051408,nan,16.9
USW00093243,1051627,nan,15.55
USW00093243,1051862,nan,13.350000000000001
USW00093243,1052082,nan,17.1
USW00093243,1052302,nan,16.0
USW00093243,1052517,nan,18.049999999999997
USW00093243,1052743,nan,22.05
USW00093243,1052978,nan,16.700000000000003
USW00093243,1053212,nan,13.6
USW00093243,1053438,nan,14.4
USW00093243,1053670,nan,13.5
USW00093243,1053896,nan,15.75
USW00093243,1054122,nan,15.350000000000001
USW00093243,1054324,nan,15.95
USW00093243,1054520,nan,11.350000000000001
USW00093243,1054746,nan,14.8
USW00093243,1054956,nan,17.4
USW00093243,1055174,nan,19.6
USW00093243,1055394,nan,20.0
USW00093243,1055620,nan,18.95
USW00093243,1055842,nan,24.15
USW00093243,1056060,nan,23.75
USW00093243,1056269,nan,18.799999999999997
USW00093243,1056499,nan,17.75
USW00093243,1056730,nan,14.149999999999999
USW00093243,1056956,nan,14.8
USW00093243,1057176,nan,11.1
USW00093243,1057229,nan,13.25
USW00093243,1057382,nan,14.25
USW00093243,1057610,nan,12.25
USW00093243,1057846,nan,11.600000000000001
USW00093243,1058070,nan,11.05
USW00093243,1058243,nan,13.95
USW00093243,1058473,nan,13.649999999999999
USW00093243,1058682,nan,17.4
USW00093243,1058907,nan,15.75
USW00093243,1059120,nan,17.85
USW00093243,1059345,nan,17.5
USW00093243,1059555,nan,15.7
USW00093243,1059779,nan,17.5
USW00093243,1059993,nan,15.55
USW00093243,1060212,nan,14.5
USW00093243,1060234,nan,13.2
USW00093243,1060436,nan,15.5
USW00093243,1060663,nan,15.95
USW00093243,1060893,nan,16.85
USW00093243,1061102,nan,17.65
USW00093243,1061317,nan,17.5
USW00093243,1061538,nan,17.1
USW00093243,1061760,nan,15.55
USW00093243,1061987,nan,16.95
USW00093243,1062217,nan,13.350000000000001
USW00093243,1062436,nan,12.45
USW00093243,1062656,nan,16.5
USW00093243,1062873,nan,14.4
USW00093243,1063099,nan,14.100000000000001
USW00093243,1063319,nan,14.95
USW00093243,1063544,nan,16.4
USW00093243,1063767,nan,15.0
USW00093243,1063989,nan,13.399999999999999
USW00093243,1064216,nan,17.299999999999997
USW00093243,1064432,nan,15.8
USW00093243,1064659,nan,13.45
USW00093243,1064898,nan,15.4
USW00093243,1065128,nan,16.0
USW00093243,1065348,nan,15.3
USW00093243,1065560,nan,14.25
USW00093243,1065787,nan,13.85
USW00093243,1066020,nan,14.05
USW00093243,1066250,nan,15.3
USW00093243,1066469,nan,15.25
USW00093243,1066692,nan,20.299999999999997
USW00093243,1066906,nan,17.549999999999997
USW00093243,1067115,nan,19.25
USW00093243,1067337,nan,20.2
USW00093243,1067545,nan,17.2
USW00093243,1067768,nan,16.200000000000003
USW00093243,1067999,nan,13.600000000000001
USW00093243,1068231,nan,14.350000000000001
USW00093243,1068462,nan,14.399999999999999
USW00093243,1068692,nan,16.45
USW00093243,1068915,nan,16.6
USW00093243,1069142,nan,15.25
USW00093243,1069368,nan,15.05
USW00093243,1069582,nan,13.7
USW00093243,1069796,nan,15.350000000000001
USW00093243,1070012,nan,15.45
USW00093243,1070236,nan,14.399999999999999
USW00093243,1070454,nan,19.6
USW00093243,1070678,nan,19.5
USW00093243,1070874,nan,16.35
USW00093243,1071084,nan,15.75
USW00093243,1071304,nan,18.0
USW00093243,1071524,nan,16.2
USW00093243,1071745,nan,13.1
USW00093243,1071970,nan,11.8
USW00093243,1072201,nan,13.25
USW00093243,1072424,nan,14.7
USW00093243,1072636,nan,16.15
USW00093243,1072846,nan,16.950000000000003
USW00093243,1073075,nan,16.15
USW00093243,1073312,nan,19.85
USW00093243,1073541,nan,24.2
USW00093243,1073761,nan,13.649999999999999
USW00093243,1073956,nan,13.2
USW00093243,1074168,nan,14.600000000000001
USW00093243,1074396,nan,15.05
USW00093243,1074621,nan,17.25
USW00093243,1074826,nan,14.2
USW00093243,1075034,nan,12.25
USW00093243,1075246,nan,14.350000000000001
USW00093243,1075460,nan,12.1
USW00093243,1075653,nan,14.5
USW00093243,1075845,nan,13.2
USW00093243,1076028,nan,8.05
USW00093243,1076233,nan,8.75
USW00093243,1076443,nan,10.05
USW00093243,1076655,nan,11.7
USW00093243,1076866,nan,13.1
USW00093243,1077066,nan,15.45
USW00093243,1077269,nan,15.3
USW00093243,1077500,nan,12.45
USW00093243,1077718,nan,13.6
USW00093243,1077918,nan,15.6
USW00093243,1078135,nan,14.350000000000001
USW00093243,1078325,nan,13.65
USW00093243,1078534,nan,12.3
USW00093243,1078601,nan,16.75
USW00093243,1078749,nan,13.9
USW00093243,1078966,nan,11.85
USW00093243,1079195,nan,11.0
USW00093243,1079419,nan,11.5
USW00093243,1079637,nan,12.0
USW00093243,1079863,nan,12.65
USW00093243,1080074,nan,13.55
USW00093243,1080294,nan,12.05
USW00093243,1080499,nan,6.55
USW00093243,1080727,nan,7.65
USW00093243,1080785,nan,4.75
USW00093243,1080941,nan,8.05
USW00093243,1081174,nan,7.6
USW00093243,1081391,nan,9.55
USW00093243,1081609,nan,10.3
USW00093243,1081810,nan,6.0
USW00093243,1082035,nan,5.85
USW00093243,1082256,nan,5.699999999999999
USW00093243,1082464,nan,3.6
USW00093243,1082653,nan,8.3
USW00093243,1082835,nan,7.25
USW00093243,1083041,nan,2.4
USW00093243,1083119,nan,9.1
USW00093243,1083247,nan,4.1
USW00093243,1083464,nan,3.7
USW00093243,1083689,nan,8.0
USW00093243,1083858,nan,9.7
USW00093243,1084044,nan,7.1
USW00093243,1084258,nan,6.55
USW00093243,1084459,nan,6.45
USW00093243,1084667,nan,6.1
USW00093243,1084889,nan,6.4
USW00093243,1085117,nan,6.699999999999999
USW00093243,1085313,nan,7.8
USW00093243,1085519,nan,7.85
USW00093243,1085687,nan,6.15
USW00093243,1085883,nan,3.25
USW00093243,1086074,nan,3.6500000000000004
USW00093243,1086279,nan,8.100000000000001
USW00093243,1086479,nan,5.85
USW00093243,1086689,nan,7.4
USW00093243,1086858,nan,3.3
USW00093243,1086991,nan,8.9
USW00093243,1087153,nan,6.45
USW00093243,1087232,nan,8.55
USW00093243,1087379,nan,11.5
USW00093243,1087548,nan,10.25
USW00093243,1087762,nan,0.5
USW00093243,1087989,nan,0.65
USW00093243,1088213,nan,-0.45
USW00093243,1088442,nan,-1.5
USW00093243,1088658,nan,0.75
USW00093243,1088875,nan,-1.0
USW00093243,1089103,nan,-1.0
USW00093243,1089321,nan,-0.9500000000000001
USW00093243,1089533,nan,-0.55
USW00093243,1089739,nan,5.95
USW00093243,1089899,nan,2.8499999999999996
USW00093243,1090117,nan,0.1
USW00093243,1090326,nan,4.15
USW00093243,1090534,nan,2.95
USW00093243,1090735,nan,0.8
USW00093243,1090929,nan,-0.6499999999999999
USW00093243,1091026,nan,6.2
USW00093243,1091028,nan,7.0
USW00093243,1091146,nan,-0.05
USW00093243,1091350,nan,-1.4
USW00093243,1091538,nan,-1.1
USW00093243,1091762,nan,3.65
USW00093243,1091983,nan,-3.5
USW00093243,1092199,nan,-3.4000000000000004
USW00093243,1092425,nan,-3.0
USW00093243,1092644,nan,-2.1500000000000004
USW00093243,1092865,nan,-1.65
USW00093243,1093090,nan,-0.45
USW00093243,1093300,nan,4.25
USW00093243,1093494,nan,2.05
USW00093243,1093712,nan,7.55
USW00093245,1112155,nan,5.3
USW00093245,1112241,nan,6.95
USW00093245,1112375,nan,6.7
USW00093245,1112564,nan,5.95
USW00093245,1112748,nan,6.7
USW00093245,1112933,nan,7.15
USW00093245,1113107,nan,3.0
USW00093245,1113247,nan,3.9
USW00093245,1113380,nan,2.9
USW00093245,1113555,nan,3.5
USW00093245,1113711,nan,5.7
USW00093245,1113828,nan,7.8
USW00093245,1113966,nan,10.649999999999999
USW00093245,1114074,nan,9.9
USW00093245,1114192,nan,8.45
USW00093245,1114341,nan,9.8
USW00093245,1114489,nan,8.8
USW00093245,1114625,nan,8.3
USW00093245,1114774,nan,10.75
USW00093245,1114887,nan,9.600000000000001
USW00093245,1115075,nan,8.4
USW00093245,1115273,nan,7.1
USW00093245,1115472,nan,11.149999999999999
USW00093245,1115682,nan,8.6
USW00093245,1115870,nan,8.7
USW00093245,1116065,nan,8.2
USW00093245,1116248,nan,11.4
USW00093245,1116443,nan,8.5
USW00093245,1116594,nan,6.35
USW00093245,1116711,nan,10.4
USW00093245,1116885,nan,7.3
USW00093245,1117041,nan,9.5
USW00093245,1117220,nan,12.649999999999999
USW00093245,1117422,nan,8.85
USW00093245,1117594,nan,8.05
USW00093245,1117780,nan,8.149999999999999
USW00093245,1117952,nan,11.2
USW00093245,1118097,nan,10.05
USW00093245,1118265,nan,9.649999999999999
USW00093245,1118401,nan,5.15
USW00093245,1118617,nan,5.05
USW00093245,1118800,nan,6.35
USW00093245,1119024,nan,12.55
USW00093245,1119211,nan,7.199999999999999
USW00093245,1119390,nan,10.5
USW00093245,1119477,nan,10.95
USW00093245,1119552,nan,8.95
USW00093245,1119702,nan,8.850000000000001
USW00093245,1119877,nan,3.75
USW00093245,1120019,nan,6.2
USW00093245,1120185,nan,5.449999999999999
USW00093245,1120361,nan,6.699999999999999
USW00093245,1120516,nan,6.75
USW00093245,1120676,nan,8.1
USW00093245,1120829,nan,7.5
USW00093245,1120957,nan,6.4
USW00093245,1121112,nan,3.8499999999999996
USW00093245,1121283,nan,6.25
USW00093245,1121441,nan,8.9
USW00093245,1121581,nan,7.0
USW00093245,1121733,nan,8.6
USW00093245,1121848,nan,11.05
USW00093245,1122022,nan,6.35
USW00093245,1122191,nan,9.8
USW00093245,1122346,nan,11.45
USW00093245,1122445,nan,9.8
USW00093245,1122570,nan,9.3
USW00093245,1122693,nan,10.6
USW00093245,1122858,nan,9.2
USW00093245,1122995,nan,9.149999999999999
USW00093245,1123155,nan,9.149999999999999
USW00093245,1123312,nan,10.1
USW00093245,1123421,nan,10.3
USW00093245,1123576,nan,11.850000000000001
USW00093245,1123653,nan,11.1
USW00093245,1123797,nan,7.050000000000001
USW00093245,1123942,nan,11.149999999999999
USW00093245,1124080,nan,9.25
USW00093245,1124226,nan,9.6
USW00093245,1124370,nan,6.45
USW00093245,1124515,nan,7.5
USW00093245,1124661,nan,8.95
USW00093245,1124790,nan,10.45
USW00093245,1124934,nan,10.2
USW00093245,1125066,nan,9.55
USW00093245,1125214,nan,8.45
USW00093245,1125335,nan,9.649999999999999
USW00093245,1125480,nan,9.65
USW00093245,1125602,nan,11.2
USW00093245,1125715,nan,10.55
USW00093245,1125885,nan,10.95
USW00093245,1126049,nan,10.9
USW00093245,1126166,nan,8.4
USW00093245,1126331,nan,8.35
USW00093245,1126501,nan,9.9
USW00093245,1126619,nan,8.850000000000001
USW00093245,1126725,nan,7.75
USW00093245,1126860,nan,6.65
USW00093245,1127040,nan,7.1
USW00093245,1127197,nan,8.05
USW00093245,1127349,nan,8.25
USW00093245,1127501,nan,7.9
USW00093245,1127626,nan,7.45
USW00093245,1127778,nan,7.45
USW00093245,1127934,nan,9.25
USW00093245,1128061,nan,10.7
USW00093245,1128176,nan,9.95
USW00093245,1128294,nan,10.05
USW00093245,1128412,nan,9.350000000000001
USW00093245,1128552,nan,9.9
USW00093245,1128676,nan,8.7
USW00093245,1128808,nan,8.7
USW00093245,1128954,nan,9.3
USW00093245,1129090,nan,11.1
USW00093245,1129129,nan,12.149999999999999
USW00093245,1129196,nan,10.3
USW00093245,1129322,nan,9.5
USW00093245,1129455,nan,8.8
USW00093245,1129530,nan,11.45
USW00093245,1129591,nan,8.35
USW00093245,1129723,nan,8.0
USW00093245,1129872,nan,11.7
USW00093245,1130025,nan,7.85
USW00093245,1130214,nan,7.25
USW00093245,1130372,nan,9.3
USW00093245,1130537,nan,8.3
USW00093245,1130725,nan,8.3
USW00093245,1130896,nan,9.5
USW00093245,1131005,nan,8.850000000000001
USW00093245,1131124,nan,9.2
USW00093245,1131239,nan,8.3
USW00093245,1131383,nan,8.350000000000001
USW00093245,1131533,nan,8.8
USW00093245,1131670,nan,9.3
USW00093245,1131811,nan,8.3
USW00093245,1131967,nan,8.850000000000001
USW00093245,1132097,nan,7.8
USW00093245,1132269,nan,8.5
USW00093245,1132393,nan,9.350000000000001
USW00093245,1132507,nan,9.5
USW00093245,1132638,nan,9.75
USW00093245,1132793,nan,10.0
USW00093245,1132942,nan,10.2
USW00093245,1133057,nan,9.5
USW00093245,1133174,nan,9.149999999999999
USW00093245,1133286,nan,8.75
USW00093245,1133454,nan,8.75
USW00093245,1133601,nan,9.600000000000001
USW00093245,1133777,nan,9.1
USW00093245,1133916,nan,9.8
USW00093245,1134047,nan,9.1
USW00093245,1134183,nan,9.0
USW00093245,1134318,nan,10.9
USW00093245,1134463,nan,9.4
USW00093245,1134626,nan,10.0
USW00093245,1134777,nan,9.75
USW00093245,1134931,nan,12.149999999999999
USW00093245,1135070,nan,12.55
USW00093245,1135247,nan,11.649999999999999
USW00093245,1135365,nan,10.95
USW00093245,1135429,nan,14.7
USW00093245,1135436,nan,14.65
USW00093245,1135511,nan,11.4
USW00093245,1135579,nan,13.0
USW00093245,1135664,nan,10.4
USW00093245,1135717,nan,12.25
USW00093245,1135781,nan,10.95
USW00093245,1135881,nan,9.75
USW00093245,1136000,nan,9.75
USW00093245,1136051,nan,12.45
USW00093245,1136132,nan,10.350000000000001
USW00093245,1136259,nan,9.6
USW00093245,1136406,nan,9.9
USW00093245,1136539,nan,9.7
USW00093245,1136663,nan,9.2
USW00093245,1136838,nan,9.649999999999999
USW00093245,1136957,nan,10.5
USW00093245,1137102,nan,10.2
USW00093245,1137271,nan,10.850000000000001
USW00093245,1137446,nan,10.0
USW00093245,1137571,nan,10.8
USW00093245,1137686,nan,9.55
USW00093245,1137834,nan,9.5
USW00093245,1137990,nan,9.7
USW00093245,1138137,nan,9.9
USW00093245,1138264,nan,10.25
USW00093245,1138377,nan,10.7
USW00093245,1138502,nan,10.75
USW00093245,1138673,nan,10.5
USW00093245,1138828,nan,10.350000000000001
USW00093245,1138975,nan,10.45
USW00093245,1139136,nan,10.5
USW00093245,1139280,nan,10.25
USW00093245,1139433,nan,9.1
USW00093245,1139582,nan,9.95
USW00093245,1139730,nan,11.5
USW00093245,1139882,nan,10.149999999999999
USW00093245,1140000,nan,10.8
USW00093245,1140061,nan,13.05
USW00093245,1140139,nan,11.149999999999999
USW00093245,1140269,nan,10.55
USW00093245,1140398,nan,11.1
USW00093245,1140512,nan,10.649999999999999
USW00093245,1140650,nan,10.2
USW00093245,1140699,nan,11.45
USW00093245,1140800,nan,10.25
USW00093245,1140923,nan,11.75
USW00093245,1141066,nan,12.149999999999999
USW00093245,1141225,nan,12.95
USW00093245,1141332,nan,11.15
USW00093245,1141491,nan,11.1
USW00093245,1141644,nan,11.95
USW00093245,1141762,nan,11.6
USW00093245,1141861,nan,13.25
USW00093245,1141977,nan,12.149999999999999
USW00093245,1142108,nan,12.4
USW00093245,1142249,nan,11.8
USW00093245,1142371,nan,11.7
USW00093245,1142481,nan,12.1
USW00093245,1142586,nan,13.1
USW00093245,1142692,nan,12.7
USW00093245,1142818,nan,12.75
USW00093245,1142953,nan,11.649999999999999
USW00093245,1143100,nan,13.1
USW00093245,1143225,nan,13.0
USW00093245,1143349,nan,11.350000000000001
USW00093245,1143472,nan,11.3
USW00093245,1143586,nan,11.7
USW00093245,1143714,nan,11.4
USW00093245,1143753,nan,12.350000000000001
USW00093245,1143757,nan,13.05
USW00093245,1143840,nan,10.45
USW00093245,1143968,nan,10.649999999999999
USW00093245,1144025,nan,13.149999999999999
USW00093245,1144099,nan,11.649999999999999
USW00093245,1144220,nan,11.2
USW00093245,1144360,nan,10.45
USW00093245,1144421,nan,12.6
USW00093245,1144425,nan,13.95
USW00093245,1144499,nan,11.2
USW00093245,1144648,nan,11.0
USW00093245,1144796,nan,10.5
USW00093245,1144944,nan,11.1
USW00093245,1145065,nan,10.45
USW00093245,1145112,nan,11.65
USW00093245,1145189,nan,10.8
USW00093245,1145307,nan,11.350000000000001
USW00093245,1145412,nan,11.6
USW00093245,1145523,nan,12.850000000000001
USW00093245,1145659,nan,11.45
USW00093245,1145826,nan,11.25
USW00093245,1145947,nan,13.55
USW00093245,1146072,nan,12.8
USW00093245,1146199,nan,10.8
USW00093245,1146332,nan,10.75
USW00093245,1146464,nan,11.850000000000001
USW00093245,1146588,nan,11.4
USW00093245,1146732,nan,11.55
USW00093245,1146862,nan,11.05
USW00093245,1146992,nan,10.05
USW00093245,1147047,nan,15.149999999999999
USW00093245,1147144,nan,11.55
USW00093245,1147246,nan,13.1
USW00093245,1147358,nan,11.8
USW00093245,1147478,nan,10.850000000000001
USW00093245,1147611,nan,10.149999999999999
USW00093245,1147674,nan,12.45
USW00093245,1147758,nan,10.649999999999999
USW00093245,1147880,nan,11.45
USW00093245,1147998,nan,11.350000000000001
USW00093245,1148117,nan,13.9
USW00093245,1148218,nan,14.7
USW00093245,1148359,nan,13.45
USW00093245,1148480,nan,12.95
USW00093245,1148605,nan,11.850000000000001
USW00093245,1148740,nan,11.75
USW00093245,1148887,nan,10.9
USW00093245,1149045,nan,11.149999999999999
USW00093245,1149232,nan,11.0
USW00093245,1149293,nan,14.45
USW00093245,1149404,nan,11.5
USW00093245,1149569,nan,11.649999999999999
USW00093245,1149710,nan,11.4
USW00093245,1149841,nan,12.15
USW00093245,1149974,nan,12.3
USW00093245,1150089,nan,13.8
USW00093245,1150215,nan,12.350000000000001
USW00093245,1150369,nan,13.5
USW00093245,1150537,nan,13.2
USW00093245,1150713,nan,12.55
USW00093245,1150824,nan,15.0
USW00093245,1150914,nan,14.8
USW00093245,1151057,nan,14.6
USW00093245,1151203,nan,13.3
USW00093245,1151297,nan,13.75
USW00093245,1151417,nan,14.1
USW00093245,1151578,nan,11.45
USW00093245,1151750,nan,10.4
USW00093245,1151921,nan,11.850000000000001
USW00093245,1152075,nan,12.350000000000001
USW00093245,1152208,nan,13.5
USW00093245,1152293,nan,14.9
USW00093245,1152413,nan,12.7
USW00093245,1152571,nan,12.15
USW00093245,1152746,nan,13.85
USW00093245,1152937,nan,14.8
USW00093245,1153070,nan,15.25
USW00093245,1153203,nan,13.1
USW00093245,1153349,nan,12.649999999999999
USW00093245,1153468,nan,14.4
USW00093245,1153585,nan,10.25
USW00093245,1153708,nan,12.2
USW00093245,1153860,nan,11.149999999999999
USW00093245,1154034,nan,13.05
USW00093245,1154243,nan,11.649999999999999
USW00093245,1154385,nan,10.75
USW00093245,1154501,nan,9.3
USW00093245,1154697,nan,7.65
USW00093245,1154900,nan,9.05
USW00093245,1155085,nan,8.75
USW00093245,1155263,nan,10.0
USW00093245,1155433,nan,10.25
USW00093245,1155574,nan,11.149999999999999
USW00093245,1155778,nan,11.1
USW00093245,1155999,nan,7.95
USW00093245,1156159,nan,6.45
USW00093245,1156331,nan,8.95
USW00093245,1156443,nan,9.45
USW00093245,1156597,nan,8.9
USW00093245,1156769,nan,6.25
USW00093245,1156952,nan,7.55
USW00093245,1157131,nan,11.1
USW00093245,1157306,nan,8.9
USW00093245,1157450,nan,11.1
USW00093245,1157581,nan,9.35
USW00093245,1157719,nan,10.6
USW00093245,1157851,nan,9.25
USW00093245,1157993,nan,10.45
USW00093245,1158134,nan,10.05
USW00093245,1158275,nan,10.1
USW00093245,1158443,nan,7.300000000000001
USW00093245,1158607,nan,10.5
USW00093245,1158758,nan,7.7
USW00093245,1158913,nan,8.850000000000001
USW00093245,1159025,nan,11.6
USW00093245,1159128,nan,11.5
USW00093245,1159246,nan,9.8
USW00093245,1159386,nan,8.25
USW00093245,1159569,nan,11.0
USW00093245,1159730,nan,9.8
USW00093245,1159880,nan,8.8
USW00093245,1160046,nan,7.9
USW00093245,1160240,nan,9.600000000000001
USW00093245,1160458,nan,16.2
USW00093245,1160638,nan,10.85
USW00093245,1160869,nan,8.1
USW00093245,1161049,nan,6.6
USW00093245,1161264,nan,5.75
USW00093245,1161468,nan,5.0
USW00093245,1161623,nan,6.5
USW00093245,1161797,nan,5.65
USW00093245,1161998,nan,8.75
USW00093245,1162189,nan,7.9
USW00093245,1162345,nan,7.199999999999999
USW00093245,1162512,nan,5.5
USW00093245,1162693,nan,6.75
USW00093245,1162876,nan,7.65
USW00093245,1163051,nan,5.7
USW00093245,1163222,nan,6.5
USW00093245,1163402,nan,7.1
USW00093245,1163535,nan,5.9
USW00093245,1163690,nan,7.199999999999999
USW00093245,1163879,nan,6.449999999999999
USW00093245,1164059,nan,14.1
USW00093245,1164238,nan,3.8
USW00093245,1164436,nan,4.9
USW00093245,1164641,nan,8.05
USW00093245,1164840,nan,9.3
USW00093245,1164986,nan,7.6
USW00093245,1165160,nan,8.5
USW00093245,1165281,nan,11.350000000000001
USW00093245,1165369,nan,11.2
USW00093245,1165470,nan,7.55
USW00094299,1166821,nan,5.95
USW00094299,1175506,nan,23.55
